0.00000000 0.00000000 0.00000000
0.00504717 -0.27098079 0.91652202
-0.55925893 -0.86454969 1.45900274
-0.15949256 -1.19519318 2.18204374
-0.20778828 -1.17896508 2.10816336
-0.20778828 -1.17896508 2.10816336
-0.20778828 -1.17896508 2.10816336
-0.20778828 -1.17896508 2.10816336
-0.20778828 -1.17896508 2.10816336
-0.20778828 -1.17896508 2.10816336
-0.20778828 -1.17896508 2.10816336
-0.20778828 -1.17896508 2.10816336
-0.20778828 -1.17896508 2.10816336
-0.20778828 -1.17896508 2.10816336
-0.20778828 -1.17896508 2.10816336
-0.20778828 -1.17896508 2.10816336
-0.20778828 -1.17896508 2.10816336
-0.20778828 -1.17896508 2.10816336
-0.20778828 -1.17896508 2.10816336
-0.20778828 -1.17896508 2.10816336
-0.20778828 -1.17896508 2.10816336
-0.20778828 -1.17896508 2.10816336
-0.20778828 -1.17896508 2.10816336
0.04092831 -1.32070035 2.35790789
-0.26224479 -1.19804922 1.83261175
-1.79950622 -1.22206682 1.05989335
-1.31289180 -1.05069986 -0.26340007
-2.57859397 -0.76480122 0.30062417
-1.93056999 -1.15871209 1.08194478
-1.90210793 -0.12166565 1.89123967
-1.49458979 -0.31497980 2.28719149
-0.14860034 -0.85216426 2.53355432
0.54487661 -1.23689628 3.07660941
0.61695585 -1.89708563 4.17319034
-0.11118945 -2.20998199 4.78589114
0.60894176 -2.69742494 4.95438092
0.94379446 -2.73923868 4.99605180
1.95893044 -2.33562504 3.99490166
2.33624973 -3.02044463 3.80398553
2.29757175 -3.14139228 4.56026409
1.73456702 -2.81095054 4.29496207
0.98622124 -2.39172512 3.93906919
