MapPointID X Y Z Observations
0 -4.195668 -6.474781 17.999758 2
1 -2.604155 -4.760419 15.896617 2
2 -2.883520 -8.699407 18.862268 2
3 -1.065409 -8.597882 21.583719 2
4 -3.031404 -4.067396 14.017088 2
5 -3.307824 -5.944233 16.367174 2
6 -3.030831 -2.969835 21.222055 2
7 -3.752491 -5.955908 15.278283 2
8 -0.253710 -3.526186 24.636496 2
9 0.454393 -5.724354 18.799053 2
10 -3.890405 -7.908267 20.281939 2
11 -4.409451 -2.908681 15.029362 2
12 -6.179915 -6.100757 16.330124 2
13 -3.047975 -5.502453 22.701374 2
14 -5.971826 -6.546579 16.939058 2
15 -6.368261 -8.815647 17.897785 2
16 -4.181807 -6.942871 20.649878 2
17 -4.149893 -3.766531 16.069271 2
18 -2.878316 -3.355539 22.721048 2
19 -3.701334 -4.163598 22.543606 2
20 -2.063133 -6.233819 19.106384 2
21 -1.848294 -9.050726 19.726675 2
22 -3.984959 -3.170501 15.292974 2
23 -3.562317 -8.504875 18.707674 2
24 -3.774225 -3.529330 14.622691 2
25 -5.767375 -6.748644 17.725363 2
26 0.270402 -4.032707 23.731573 2
27 -5.927902 -8.392186 17.900263 2
28 -5.061712 -8.300084 18.571617 2
29 -6.288672 -4.984675 15.934792 2
30 -5.506574 -7.655581 19.331451 2
31 -2.384207 -6.745155 17.814524 2
32 -3.157912 -4.515104 16.832876 2
33 -6.225791 -9.129189 17.684637 2
34 -4.723591 -6.551471 16.615732 2
35 -3.508652 -6.777416 18.722073 2
36 -4.759353 -9.160986 24.298857 2
37 0.454243 -5.879025 19.230036 2
38 -6.447723 -7.040075 16.998348 2
39 -6.260716 -5.649861 15.999471 2
40 -1.569543 -4.972175 19.909004 2
41 -5.181210 -3.670557 15.567406 2
42 -4.572240 -5.719489 17.115349 2
43 -5.056465 -9.015091 18.118618 2
44 -4.645503 -6.232666 21.420258 2
45 -5.983974 -8.271125 16.811304 2
46 -3.520514 -2.843954 13.371385 2
47 -4.238343 -2.900303 16.165812 3
48 -5.290097 -2.820893 15.260626 2
49 -4.543331 -10.191505 22.153526 2
50 -3.363888 -2.701194 14.333886 2
51 -2.999109 -9.107172 19.746546 2
52 -4.173682 -8.478663 21.724516 2
53 -2.042433 -6.049338 19.781143 2
54 -5.221097 -8.456079 21.747131 2
55 -6.084188 -2.586838 14.861570 2
56 -6.035757 -8.860421 17.163708 2
57 -4.084525 -8.486733 18.616632 2
58 -5.478946 -3.854912 15.693212 2
59 -2.520039 -7.934465 17.665707 2
60 -4.403436 -2.251289 13.906678 2
61 -5.774241 -5.119747 15.912462 2
62 -4.891453 -8.042641 19.405579 2
63 -4.507467 -7.312025 16.978739 2
64 -5.544769 -7.722651 16.941189 2
65 -3.134904 -3.265710 23.123596 2
66 0.295948 -4.224449 25.002796 2
67 -3.979128 -2.715698 15.192751 2
68 -3.744732 -7.778309 17.101002 2
69 -5.102387 -8.338729 19.060490 2
70 -4.315561 -3.944358 15.515595 2
71 -4.309419 -7.076849 17.077738 2
72 -5.080331 -6.783470 17.076157 2
73 -5.046107 -6.995590 17.706089 2
74 -4.510904 -7.158880 18.257219 2
75 2.008613 -6.751859 22.604198 2
76 -6.312947 -5.892650 15.675330 2
77 -3.672594 -6.580669 18.115398 2
78 -3.592095 -5.950572 17.713388 2
79 -3.137173 -2.355340 14.631963 2
80 -2.126505 -6.606602 18.952908 2
81 -5.625588 -8.260736 17.909147 2
82 -4.236881 -7.481129 22.927799 2
83 -6.065420 -5.374378 16.699444 2
84 -4.574311 -7.346511 16.172104 2
85 -4.330626 -8.976711 21.599573 2
86 -4.350020 -8.359631 22.165014 2
87 -3.513456 -6.110345 17.174486 2
88 -4.361325 -5.359378 15.401260 2
89 -3.802336 -2.825585 17.703205 2
90 -0.545374 -7.300591 14.459759 2
91 -4.772174 -3.126774 16.209019 2
92 1.506105 -7.616843 14.948333 2
93 -2.938703 -4.347190 16.292906 2
94 0.144750 -2.880841 16.807667 2
95 -0.648493 -6.272399 14.491714 2
96 -2.722363 -6.596348 14.472441 2
97 -4.422358 -6.330745 13.055739 2
98 -4.854567 -4.508359 15.625759 2
99 -4.871367 -2.932720 16.358080 2
100 -4.503345 -2.520928 16.027784 2
101 -1.146667 -7.272727 14.299770 2
102 -0.360827 -7.719235 14.461267 2
103 -3.301689 -6.694607 14.037460 2
104 -5.705319 -3.063524 16.318064 2
105 -3.818160 -6.823883 13.801707 2
106 -3.463750 -6.033071 14.513015 2
107 -2.895314 -5.575069 14.854552 2
108 -3.436900 -4.602345 15.851183 2
109 -3.615830 -5.220778 14.955136 2
110 -2.994906 -6.096817 14.669966 2
111 -0.742647 -6.822262 14.657618 2
112 -0.637307 -4.096319 16.163570 2
113 0.821919 -4.558743 16.171576 2
114 -2.537195 -5.885392 14.973024 2
115 -4.128954 -5.727495 14.582655 2
116 -0.097513 -4.340615 16.307631 2
117 0.617597 -5.494040 15.796929 3
118 -0.175671 -5.491569 15.929204 2
119 -4.251581 -5.979705 14.055777 2
120 -1.737969 -5.358995 15.429645 2
121 -5.362911 -3.636511 15.761724 2
122 -2.534858 -6.790139 14.464086 2
123 -3.185441 -5.804474 15.043503 2
124 -0.132963 -7.391615 14.466125 2
125 -2.138960 -6.787652 14.160521 3
126 -2.060251 -5.669006 15.304128 2
127 -2.616219 -6.887702 14.159994 2
128 -1.494908 -4.810182 15.770903 2
129 -2.688931 -6.422086 14.223207 2
130 -3.479428 -4.672589 16.105280 2
131 -3.110736 -6.461273 14.267767 2
132 -2.258952 -6.689337 14.454750 2
133 0.141943 -2.848047 16.610363 2
134 -1.496054 -7.380029 14.225471 2
135 -4.046975 -6.663721 14.101505 2
136 -4.210520 -5.195610 14.909082 2
137 -3.969606 -5.641042 14.806873 2
138 1.051592 -2.493363 17.110489 2
139 -2.123357 -4.512189 16.106867 2
140 -2.877261 -5.991942 14.506827 2
141 -3.702923 -6.104582 14.807482 2
142 -2.584059 -6.197098 14.846237 2
143 -2.652108 -5.089057 15.406860 2
144 -2.273346 -4.178668 15.990112 2
145 -1.680465 -6.638564 14.687614 2
146 -4.021516 -6.487028 14.366657 2
147 -3.622728 -2.708126 16.755419 2
148 -4.295208 -6.329357 13.812456 2
149 -4.239613 -5.682956 14.357982 2
150 -4.427825 -6.281862 13.497425 2
151 -4.403211 -5.800811 14.088372 2
152 -4.501364 -5.383018 14.550629 2
153 -0.799740 -5.217512 15.677643 2
154 0.355218 -4.893169 16.021526 2
155 -3.786871 -6.155981 14.351404 2
156 -4.154596 -5.794515 13.844693 2
157 -3.465505 -6.211735 14.676147 2
158 -4.051568 -5.501067 15.111681 2
159 -5.075784 -2.968944 16.031748 2
160 -1.613994 -6.727779 14.253623 2
161 -4.064404 -6.252217 13.789109 2
162 -3.380193 -4.388424 15.420491 2
163 -1.691738 -4.789163 15.689461 2
164 -3.122698 -5.178309 15.439734 2
165 -4.307436 -6.008643 14.362973 2
166 -3.349788 -5.320949 15.080106 2
167 -3.494981 -5.667028 14.680404 2
168 -3.616395 -6.395473 14.312551 2
169 -1.380192 -6.734424 14.802929 2
170 -1.017920 -3.718699 16.392015 2
171 -4.590347 -6.025202 13.696228 2
172 -0.730941 -3.772086 16.122454 2
173 -2.777934 -5.582306 13.356698 2
174 -0.302647 -8.616135 16.182501 2
175 -2.455048 -3.549454 12.945266 2
176 -1.327056 -3.838898 13.908410 2
177 -1.637584 -3.960114 13.641645 2
178 -2.607283 -5.197841 13.279001 2
179 -2.847904 -3.770575 12.670392 2
180 0.871988 -4.888273 15.633111 2
181 -2.968754 -4.604524 12.957333 2
182 -0.795390 -4.888789 14.589094 2
183 -2.629071 -6.223189 13.737688 2
184 -2.660162 -2.390910 12.580945 2
185 -0.639242 -6.646563 15.422034 2
186 -0.503768 -3.290734 14.328032 2
187 -0.993269 -3.239303 13.955832 2
188 0.001824 -2.421717 14.287673 2
189 1.739644 -6.604080 16.372311 2
190 -3.150701 -5.047126 12.935046 2
191 -0.207044 -5.233431 15.107195 2
192 -0.892419 -8.101902 15.698889 2
193 -2.581490 -6.773880 13.914251 2
194 -2.449752 -6.516099 13.856361 2
195 -2.148333 -6.384381 14.168862 2
196 -1.551045 -4.210308 13.565369 2
197 1.809574 -7.041040 16.694546 2
198 -2.769647 -6.672551 13.677336 2
199 0.863718 -4.637372 15.851547 2
200 11.711365 -10.154795 24.416977 2
201 7.101005 -4.192844 15.147517 2
202 1.829692 -2.067574 5.990396 2
203 4.852459 -3.270302 11.232472 2
204 11.405821 -5.787298 22.218513 2
205 4.430488 -3.087781 10.556437 2
206 8.622518 -4.498661 16.767338 2
207 5.557300 -3.484813 12.414350 2
208 7.651140 -4.301312 16.060165 2
209 0.762187 -1.589481 3.961142 4
210 1.629669 -1.922993 5.494106 2
211 11.790622 -5.606880 22.111658 2
212 17.571886 -5.424687 30.779089 2
213 15.384184 -4.719224 27.185352 2
214 18.377039 -5.384867 32.282402 2
215 23.100067 -5.246803 41.884338 2
216 21.339216 -4.798803 37.448563 2
217 24.705271 -5.546657 45.914158 2
218 11.330951 -9.873322 23.704906 2
219 10.206186 -8.945797 21.603954 2
220 1.477886 -1.906818 5.252585 2
221 3.275468 -2.620456 8.379274 2
222 4.404264 -3.013089 10.278846 2
223 10.665936 -6.823511 22.094866 2
224 18.850985 -8.735417 35.085377 2
225 6.635050 -3.963001 14.416786 2
226 0.898911 -1.648047 4.217670 2
227 0.400887 -1.431936 3.251028 2
228 1.736925 -1.964277 5.681212 2
229 12.476995 -7.743041 25.392233 2
230 2.841962 -2.529857 7.864633 2
231 1.258414 -1.814223 4.888859 2
232 3.600047 -2.748493 8.947244 2
233 6.701966 -3.898422 14.034180 2
234 0.617601 -1.521044 3.659147 4
235 4.309463 -3.591138 10.673742 2
236 7.975574 -5.502915 17.548555 2
237 10.394747 -4.715780 22.371260 2
238 7.721334 -2.649211 17.238441 2
239 10.284608 -2.762718 17.631729 2
240 9.577596 -2.741377 17.585226 2
241 8.574372 -2.687433 17.193014 2
242 9.848740 -2.779816 17.669174 2
243 8.131642 -2.742124 17.595394 2
244 10.108051 -2.855987 17.709558 2
245 9.302666 -2.825362 17.116049 2
246 8.037786 -2.870705 17.846010 2
247 9.810091 -2.889325 17.432783 2
248 8.249020 -2.332209 18.697987 2
249 9.808599 -3.000111 17.947498 2
250 9.468677 -2.972548 17.345200 2
251 9.668694 -3.005017 16.937609 2
252 9.381162 -3.003821 16.600952 2
253 9.403059 -3.229832 16.532423 2
254 9.148287 -3.178856 15.953756 2
255 6.758921 -3.431272 11.093325 2
256 6.375817 -3.303941 11.161410 2
257 5.271185 -3.292647 11.507885 2
258 7.063773 -2.804966 12.043723 2
259 6.795169 -2.872786 11.736452 2
260 7.355116 -2.942938 11.908139 2
261 10.197104 -2.758603 18.101137 2
262 11.116098 -2.758834 18.604580 2
263 11.065269 -2.670002 18.379070 2
264 8.781114 -2.522353 17.591736 2
265 9.828114 -2.575864 18.064369 2
266 9.139049 -2.542165 17.959995 2
267 9.761420 -2.575424 18.514156 2
268 7.850572 -2.386157 17.520416 2
269 10.141148 -2.494335 18.391905 2
270 8.823309 -2.450655 18.679979 2
271 8.162095 -2.389699 18.343576 2
272 9.196438 -2.457306 18.951506 2
273 12.357483 -2.576187 20.183352 2
274 8.498017 -2.377276 19.044945 2
275 7.334681 -5.102314 11.038597 2
276 9.492020 -3.198565 16.737366 2
277 6.081330 -4.987424 11.394234 2
278 7.529728 -2.754990 12.145944 2
279 7.107949 -2.844106 12.240190 2
280 8.454041 -2.465021 18.170811 2
281 8.794052 -2.642834 16.833679 2
282 9.064655 -2.735104 17.853041 2
283 9.165961 -2.803355 18.526922 2
284 9.071976 -2.473178 18.508301 2
285 10.084003 -2.764476 18.313789 2
286 7.084668 -3.156184 11.546676 2
287 10.358660 -2.991711 17.831158 2
288 8.632208 -2.947145 15.944800 2
289 10.002590 -2.627280 18.151237 2
290 7.640030 -2.466705 16.958595 2
291 8.330878 -2.533285 17.896656 2
292 8.866827 -2.521477 18.087128 2
293 6.108272 -4.847524 10.957472 2
294 5.154837 -3.171477 11.002206 2
295 9.232993 -3.351424 16.251877 2
296 10.580762 -2.820226 18.664824 2
297 9.981173 -2.823498 18.756973 2
298 10.723124 -2.855074 18.321129 2
299 10.898813 -2.790632 18.981897 2
300 9.996082 -2.836462 17.333584 2
301 9.105710 -3.028087 16.688589 2
302 5.045319 -3.248444 11.160151 2
303 10.000365 -2.723238 19.095177 2
304 6.257692 -4.926478 11.148978 2
305 8.061728 -3.785940 13.887731 2
306 10.187372 -3.056723 17.546799 2
307 7.928703 -2.570605 13.482080 2
308 7.462366 -2.846280 16.958172 2
309 5.741739 -4.833133 10.954906 2
310 5.744294 -3.725486 13.470075 2
311 6.299510 -3.436551 14.248357 2
312 2.211020 -1.516483 5.447259 2
313 1.189297 -1.606038 5.198175 2
314 1.375238 -1.631228 5.278874 2
315 0.726120 -1.503743 5.077993 2
316 1.576968 -0.986794 5.194416 2
317 0.801082 -1.046542 5.128718 2
318 0.921172 -1.621355 5.148815 2
319 1.555772 -1.645698 5.384670 2
320 0.930497 -1.568063 5.393021 2
321 0.279405 0.138447 7.184453 2
322 0.975882 0.946963 7.214910 2
323 1.624586 -0.317546 6.541183 2
324 2.992717 0.536701 6.416615 2
325 2.364030 0.108882 6.396334 2
326 2.294642 0.294833 6.462799 2
327 0.758430 -0.399731 6.727202 2
328 1.539454 0.651233 6.827182 2
329 5.766220 3.333622 17.945858 2
330 0.935335 0.242056 6.843968 2
331 2.746750 0.808262 6.386245 2
332 -1.000366 0.232351 7.873604 2
333 2.985751 0.826634 6.313945 2
334 1.329895 0.618187 6.837675 2
335 0.926796 -0.094115 6.757149 2
336 2.588714 0.829835 6.528358 2
337 0.806821 -0.238756 6.891594 2
338 1.086388 0.691992 6.877479 2
339 2.604320 0.418025 6.477498 2
340 3.027909 1.002052 6.439326 2
341 1.603587 0.259429 6.761455 2
342 0.520189 -0.304347 7.026655 2
343 2.084348 0.901832 6.711703 2
344 2.637571 0.431867 6.691460 2
345 1.312536 -0.252286 6.743942 2
346 2.075098 0.057369 6.550034 2
347 1.951296 -0.231652 6.503436 2
348 0.171535 -0.384683 7.186421 2
349 1.265260 0.208639 6.803213 2
350 1.573397 0.110429 6.619469 2
351 1.064265 -0.330780 6.680788 2
352 1.184107 0.890877 6.894002 2
353 -0.054357 -0.408366 7.278141 2
354 2.657614 0.931447 6.709393 2
355 1.362427 -0.314876 6.514928 2
356 0.626749 0.718448 7.149580 2
357 0.612837 0.121323 6.957205 2
358 -0.252588 -0.086958 7.511677 2
359 1.742853 -0.309869 6.724922 2
360 1.024063 0.803555 7.063817 2
361 1.746085 0.273965 6.588442 2
362 2.559325 0.198177 6.403573 2
363 0.326196 -0.404867 7.050157 2
364 0.029336 -0.127246 7.294182 2
365 0.778846 0.434876 7.140039 2
366 2.783911 0.545818 6.417226 2
367 -0.766131 0.262867 7.942343 2
368 2.343942 -0.116975 6.337943 2
369 1.387509 -0.024991 6.649265 2
370 -1.093770 0.120059 8.080750 2
371 2.313561 -1.136687 7.441523 2
372 2.223127 0.703862 6.561212 2
373 -0.120724 0.055829 7.433460 2
374 1.094529 0.398462 6.866430 2
375 1.441947 0.501641 6.713826 2
376 1.450286 0.226640 7.101285 2
377 2.158496 -0.135453 6.129195 2
378 1.059565 0.242388 7.004532 2
379 2.329403 0.748571 6.757271 2
380 2.704587 -0.247485 6.250798 2
381 1.921843 0.179847 6.716119 2
382 1.134880 0.125082 6.439839 2
383 -0.382684 0.038583 7.635650 2
384 1.756175 0.018882 6.604679 2
385 -0.809888 -0.427522 7.641506 2
386 1.387892 0.209481 6.644657 2
387 2.296330 -0.068623 6.532633 2
388 1.257750 -1.073919 6.176147 2
389 0.562126 -0.092376 7.024141 2
390 0.808972 0.231666 7.212792 2
391 0.123632 0.056624 7.433728 2
392 -0.415636 -0.053461 7.314730 2
393 -0.449963 -0.540519 7.496038 2
394 -0.211684 -0.344636 7.133293 2
395 3.535676 0.710448 9.798947 2
396 8.653100 0.767433 13.973424 2
397 4.584402 -2.363828 10.951875 2
398 6.153554 0.295659 12.277022 2
399 11.196979 2.732917 15.067922 2
400 3.767954 0.843469 10.238046 2
401 4.140679 0.966963 10.645470 2
402 4.423329 0.866414 10.638870 2
403 9.878648 2.354382 14.071356 2
404 16.006826 0.176117 19.640387 2
405 7.245597 1.156978 12.704949 2
406 8.548956 1.387167 13.514803 2
407 7.874596 0.905665 13.427144 2
408 3.417332 0.063983 10.394648 2
409 6.355542 -2.600191 12.325639 2
410 15.799128 0.266487 19.299675 2
411 4.000708 0.788351 10.472915 2
412 9.391703 -1.371091 15.112413 2
413 10.530077 2.371444 14.663697 2
414 5.829944 0.812082 11.729422 2
415 3.664687 0.007833 10.307867 2
416 4.780589 -2.372893 11.109433 2
417 3.009220 -0.087184 10.123208 2
418 17.798077 -1.817277 20.489998 2
419 19.524925 -1.731970 22.098053 2
420 21.646631 1.580449 24.692036 2
421 16.788572 0.263894 20.267616 2
422 10.909272 2.645868 14.744033 2
423 17.317335 0.369469 20.466002 2
424 9.357591 2.221326 13.867244 2
425 3.743062 0.095226 10.706266 2
426 4.769703 -1.340384 11.300544 2
427 7.380313 0.789698 12.791736 2
428 2.688755 -0.140787 9.814751 2
429 8.027592 1.176400 13.416208 2
430 2.910061 -0.108936 9.941086 2
431 3.282536 0.040950 10.137164 2
432 4.941225 0.853941 10.974867 2
433 9.329891 1.744262 13.712769 2
434 18.167875 0.453254 21.310221 2
435 8.146978 -1.246584 13.451550 2
436 17.013420 -1.795662 19.751295 2
437 19.852547 -1.756386 22.379545 2
438 5.130979 0.910425 11.257852 2
439 4.256072 0.128598 11.127553 2
440 10.425892 2.273242 14.386033 2
441 18.572884 0.491195 21.667421 2
442 4.777295 -0.033948 11.173750 2
443 18.168367 0.952215 21.094610 2
444 18.155699 0.695088 21.296167 2
445 21.643373 0.883476 24.468752 2
446 19.072697 1.186316 22.184389 2
447 5.473517 -1.360843 12.092538 2
448 3.935262 -1.288173 10.301001 2
449 8.362708 -1.266957 13.748725 2
450 3.839618 0.063854 10.494919 2
451 15.439970 0.155048 19.010843 2
452 4.580656 0.076113 11.100932 2
453 5.132201 -0.003528 11.648395 2
454 23.569696 -1.598813 25.799660 2
455 21.184532 0.695398 24.193649 2
456 20.045368 1.167070 23.166452 2
457 4.271623 -1.059494 4.573699 2
458 2.471965 -2.046849 6.125964 2
459 4.057721 -1.428032 4.206279 2
460 4.866667 -0.657970 4.276875 2
461 4.379973 -1.069983 4.234917 2
462 3.938731 -1.271837 4.659522 2
463 4.579518 -0.898512 4.286209 2
464 4.118382 -1.180976 4.500483 2
465 2.387672 -2.246117 5.960703 2
466 4.342550 -0.939995 4.739109 2
467 3.336057 -1.530667 5.675303 2
468 5.038177 -0.593128 4.119809 2
469 4.379103 -1.164500 3.942626 2
470 3.709911 -1.309744 5.293307 2
471 4.175804 -1.044754 4.813912 2
472 3.787035 -1.289242 5.098230 2
473 4.883242 -0.734870 4.053169 2
474 2.261396 -2.140055 6.163835 2
475 4.189349 -1.332803 4.087865 2
476 2.485987 -2.082281 5.851791 2
477 3.494834 -1.305754 6.414332 2
478 4.702403 -0.807943 4.108750 2
479 2.994170 -1.774522 6.442544 2
480 3.928302 -1.178148 4.975228 2
481 3.869753 -1.522284 3.894447 2
482 2.695827 -1.868413 6.919359 2
483 3.955127 -1.343742 4.384765 2
484 3.620223 -1.330878 4.890619 2
485 1.860525 -0.904471 3.278634 2
486 2.065660 -0.839725 3.134240 2
487 2.231301 -0.700177 3.379345 2
488 1.733748 -0.736450 3.302639 2
489 1.429884 -0.719362 3.342737 2
490 1.124981 -0.734569 3.426437 2
491 0.782148 -0.799037 3.449058 2
492 0.229718 -0.782647 3.290506 2
493 1.552171 -0.867054 3.437192 2
494 9.213911 -2.023226 5.189013 2
495 14.282588 -2.596531 6.047431 2
496 10.550134 -2.437189 5.710076 2
497 42.253563 -13.942431 2.068852 2
498 9.075387 -2.281781 5.290006 2
499 10.586589 -2.168473 5.382529 2
500 10.882997 -2.325640 5.633852 2
501 10.165094 -2.312462 5.623353 2
502 7.369943 -1.902799 4.808836 2
503 10.977942 -3.145416 5.600234 2
504 2.350782 -1.704172 3.140890 2
505 9.607910 -2.952157 5.257185 2
506 29.451593 -10.425495 4.507952 2
507 27.259785 -9.983903 4.512640 2
508 32.607540 -10.843621 2.310677 2
509 8.714430 -2.759324 5.008138 2
510 22.692608 -8.426252 4.193756 2
511 23.036581 -9.822783 7.032758 2
512 17.570562 -3.137369 7.375199 2
513 19.178085 -3.501849 8.296456 2
514 18.052862 -3.209536 7.362828 2
515 16.418558 -3.113052 7.387961 2
516 17.460236 -3.275651 7.724521 2
517 18.368685 -3.372597 7.758072 2
518 17.954231 -3.149417 7.854692 2
519 17.925102 -3.492278 8.022389 2
520 17.474766 -3.229278 7.965699 2
521 18.433292 -3.699377 7.899875 2
522 19.121716 -3.900020 8.263801 2
523 16.190390 -2.818805 7.291446 2
524 20.634794 -5.432628 8.273401 2
525 20.582262 -3.967180 8.263870 2
526 20.614792 -4.234775 8.596399 2
527 17.925304 -6.371590 2.423815 2
528 22.548122 -5.591309 8.641435 2
529 16.461105 -3.016104 7.079369 2
530 18.922520 -3.567632 8.165688 2
531 17.095810 -3.372840 7.773539 2
532 19.086512 -3.665261 8.104194 2
533 20.815956 -3.975102 8.642234 2
534 18.504148 -3.682309 8.107757 2
535 25.818542 -11.012814 7.713345 2
536 17.714119 -2.972362 6.965219 2
537 27.575317 -11.696622 8.058301 2
538 20.107136 -5.284604 8.112681 2
539 18.208410 -3.629554 8.028618 2
540 17.514244 -3.473706 7.644463 2
541 17.707882 -3.291628 7.597723 2
542 16.390570 -3.156835 7.613124 2
543 16.275541 -2.924727 6.801868 2
544 20.194849 -8.266398 1.529862 2
545 20.484877 -7.718757 4.054402 2
546 2.995301 -1.691119 3.168614 2
547 3.119316 -1.494240 3.296671 2
548 3.071522 -1.685145 3.468593 2
549 3.171471 -1.316654 3.559615 2
550 47.716930 9.647394 -14.546237 2
551 23.447796 11.322854 -19.543348 2
552 20.548197 5.035714 -5.825485 2
553 25.212276 6.361553 -6.723108 2
554 16.646017 3.907933 -3.665959 2
555 43.286976 12.675122 -14.749394 2
556 39.481453 12.306735 -14.852678 2
557 31.781567 15.710010 -26.601702 2
558 1.534940 -1.442068 3.969538 2
559 26.015999 12.740448 -22.164272 2
560 28.542812 13.897982 -23.422985 2
561 23.915522 5.965088 -6.313150 2
562 24.625622 6.159090 -6.474067 2
563 22.716797 6.018579 -6.643651 2
564 25.087631 12.043159 -21.554342 2
565 17.158827 3.888698 -4.009184 2
566 21.641306 10.092662 -18.309160 2
567 19.051682 8.937821 -16.590279 2
568 28.624527 13.297980 -23.685705 2
569 1.410622 -1.164638 3.093531 2
570 1.140910 -0.915486 3.046594 2
571 0.937801 -0.996054 2.892849 2
572 1.578452 -1.100469 3.197970 2
573 0.491244 0.290104 1.762797 2
574 0.751074 -0.204737 1.654436 2
575 0.938368 -0.132619 1.612642 2
576 -0.223604 -0.433133 1.812020 2
577 -0.245867 0.163995 1.888896 2
578 0.700387 0.005266 1.629581 2
579 -0.033042 -0.243857 1.809966 2
580 0.332755 -0.140691 1.748875 2
581 -0.689965 -1.301835 2.295161 2
582 -1.029247 -1.453272 2.506892 2
583 -0.518010 -1.298634 2.187573 2
584 -0.657385 -1.093894 2.323130 2
585 -0.867497 -1.127068 2.433784 2
586 -7.462654 2.066027 -0.083732 2
587 -6.013644 1.417953 0.489655 2
588 -7.756686 2.270501 -0.137296 2
589 -6.241452 2.088233 -0.378958 2
590 -11.980371 4.385519 -1.698813 2
591 -9.257293 0.166745 4.272752 2
592 -6.088538 1.242491 3.209434 2
593 -5.965145 1.134718 3.367331 2
594 -6.761082 1.346562 3.586553 2
595 -5.873810 1.295064 3.463036 2
596 -6.199684 1.541838 3.344678 2
597 -5.513019 1.228624 3.463004 2
598 -6.476624 1.649375 0.319148 2
599 -7.920420 2.449818 -0.135853 2
600 -22.134272 9.703530 -5.315704 2
601 -6.481765 1.425711 3.189647 2
602 -6.256535 1.153230 3.609866 2
603 -9.944425 3.397229 -0.973375 2
604 -6.639328 1.952366 0.422764 2
605 -8.774603 0.284277 4.421454 2
606 -6.265617 1.269119 3.358746 2
607 -5.794492 1.203483 3.280004 2
608 -0.627340 -0.997528 2.687942 2
609 -4.748866 0.941590 2.464467 2
610 -6.636854 1.611906 3.248679 2
611 -7.231931 1.718364 3.244227 2
612 -5.310740 1.170251 3.433978 2
613 -5.403830 1.114947 3.253132 2
614 -6.392391 1.594540 3.431733 2
615 0.408069 -1.886083 3.655175 2
616 -10.637424 7.674219 2.740758 2
617 0.922103 -1.408132 3.598560 2
618 0.803711 -1.400882 3.782854 2
619 1.082352 -1.352048 3.475931 2
620 0.472109 -1.710238 4.330762 2
621 -1.500751 -0.424951 2.790812 3
622 -2.085125 5.446673 -3.285586 2
623 -2.966495 0.698729 2.174861 2
624 -2.328978 0.250170 2.361000 2
625 -0.858985 -0.913104 3.066545 2
626 -16.867317 19.946941 -8.321321 2
627 -1.677670 -0.339160 2.861828 2
628 -15.322404 17.004946 -24.743694 2
629 -0.618690 -1.090823 3.183169 2
630 -7.805865 4.380430 0.051029 2
631 -27.472168 19.119635 -22.355721 2
632 -2.679351 0.470552 2.266237 2
633 0.232155 -1.709332 3.552336 2
634 -27.959391 19.775049 -23.162636 2
635 -0.144148 -1.448563 3.388998 2
636 -1.146438 -0.690261 2.935669 2
637 -25.802698 17.598213 -6.842479 2
638 -3.889110 1.697117 1.750744 2
