# X Y Z
-4.195668 -6.474781 17.999758
-2.604155 -4.760419 15.896617
-2.883520 -8.699407 18.862268
-1.065409 -8.597882 21.583719
-3.031404 -4.067396 14.017088
-3.307824 -5.944233 16.367174
-3.030831 -2.969835 21.222055
-3.752491 -5.955908 15.278283
-0.253710 -3.526186 24.636496
0.454393 -5.724354 18.799053
-3.890405 -7.908267 20.281939
-4.409451 -2.908681 15.029362
-1.113297 -8.621409 21.583811
-6.179915 -6.100757 16.330124
-3.047975 -5.502453 22.701374
-5.971826 -6.546579 16.939058
-6.368261 -8.815647 17.897785
-4.181807 -6.942871 20.649878
-4.149893 -3.766531 16.069271
-2.878316 -3.355539 22.721048
-3.701334 -4.163598 22.543606
-2.063133 -6.233819 19.106384
-1.848294 -9.050726 19.726675
-3.984959 -3.170501 15.292974
-3.562317 -8.504875 18.707674
-3.774225 -3.529330 14.622691
-5.767375 -6.748644 17.725363
0.270402 -4.032707 23.731573
-5.927902 -8.392186 17.900263
-5.061712 -8.300084 18.571617
-6.288672 -4.984675 15.934792
-5.506574 -7.655581 19.331451
-2.384207 -6.745155 17.814524
-3.157912 -4.515104 16.832876
-6.225791 -9.129189 17.684637
-4.723591 -6.551471 16.615732
-3.508652 -6.777416 18.722073
-4.759353 -9.160986 24.298857
0.454243 -5.879025 19.230036
-6.447723 -7.040075 16.998348
-6.260716 -5.649861 15.999471
-1.569543 -4.972175 19.909004
-5.181210 -3.670557 15.567406
-4.572240 -5.719489 17.115349
-5.056465 -9.015091 18.118618
-4.645503 -6.232666 21.420258
-5.983974 -8.271125 16.811304
-3.520514 -2.843954 13.371385
0.271100 -4.036407 23.785845
-4.238343 -2.900303 16.165812
-5.290097 -2.820893 15.260626
-4.543331 -10.191505 22.153526
-3.363888 -2.701194 14.333886
-2.999109 -9.107172 19.746546
-5.311625 -2.880952 15.265355
-4.173682 -8.478663 21.724516
-2.042433 -6.049338 19.781143
-5.221097 -8.456079 21.747131
-6.084188 -2.586838 14.861570
-6.035757 -8.860421 17.163708
-4.084525 -8.486733 18.616632
-5.478946 -3.854912 15.693212
-2.520039 -7.934465 17.665707
-4.403436 -2.251289 13.906678
-6.416193 -7.159590 17.109438
-5.774241 -5.119747 15.912462
-4.891453 -8.042641 19.405579
-4.507467 -7.312025 16.978739
-5.544769 -7.722651 16.941189
-3.134904 -3.265710 23.123596
0.295948 -4.224449 25.002796
-3.979128 -2.715698 15.192751
-4.447664 -2.931406 15.184144
-6.362957 -8.800924 17.837891
-3.744732 -7.778309 17.101002
-5.102387 -8.338729 19.060490
-4.315561 -3.944358 15.515595
-4.309419 -7.076849 17.077738
-5.080331 -6.783470 17.076157
-5.046107 -6.995590 17.706089
-4.510904 -7.158880 18.257219
2.008613 -6.751859 22.604198
-6.312947 -5.892650 15.675330
-3.672594 -6.580669 18.115398
-3.592095 -5.950572 17.713388
-3.137173 -2.355340 14.631963
-2.126505 -6.606602 18.952908
-5.625588 -8.260736 17.909147
-4.236881 -7.481129 22.927799
-6.065420 -5.374378 16.699444
-4.574311 -7.346511 16.172104
-4.330626 -8.976711 21.599573
-4.350020 -8.359631 22.165014
-3.513456 -6.110345 17.174486
-4.361325 -5.359378 15.401260
-3.802336 -2.825585 17.703205
-0.672445 -7.075686 13.480575
-4.902966 -2.878678 15.164549
1.368443 -7.405392 14.003769
-3.078644 -4.110474 15.277635
0.004531 -2.663856 15.847196
-0.769802 -6.046980 13.512561
-2.844984 -6.358091 13.457253
-4.518929 -6.079945 12.012309
-4.983907 -4.258922 14.577899
-5.003520 -2.684251 15.312276
-4.627484 -2.274260 14.989304
-1.270736 -7.043876 13.310383
-0.490517 -7.495469 13.484568
-3.417386 -6.452119 13.012278
-5.837536 -2.809895 15.257984
-2.867639 -6.317780 13.496413
-3.930627 -6.578012 12.767845
-3.583589 -5.790489 13.486474
-3.018199 -5.336388 13.838121
-3.570772 -4.361874 14.826986
-3.738123 -4.977786 13.926860
-3.117808 -5.857217 13.650964
-0.870136 -6.596451 13.675808
-0.773843 -3.873517 15.187827
0.682204 -4.345008 15.220312
-2.664060 -5.649093 13.962189
-4.247954 -5.480835 13.545019
-0.238089 -4.121405 15.340908
0.478576 -5.278448 14.840599
-0.316820 -5.271329 14.959409
-4.363114 -5.731494 13.015724
-1.869520 -5.128271 14.433122
-5.489035 -3.384062 14.706213
-2.658572 -6.553070 13.451890
-3.312924 -5.564317 14.021778
-0.260768 -7.169266 13.493855
-2.257520 -6.552499 13.155016
-2.191525 -5.436162 14.301781
-2.735303 -6.649609 13.146172
-1.628966 -4.581481 14.779366
-2.806248 -6.183690 13.208980
-3.618027 -4.432199 15.080049
-3.229011 -6.220399 13.246378
-2.381913 -6.453894 13.447304
0.005293 -2.630731 15.649836
-1.619458 -7.148936 13.229999
-4.163591 -6.416967 13.064107
-4.331773 -4.948888 13.870697
-4.091896 -5.395658 13.771944
-3.392141 -6.397098 12.894780
0.908427 -2.282416 16.166035
0.667898 -4.307136 15.036835
-2.261231 -4.280155 15.105088
-3.160072 -5.924916 13.804489
-2.996741 -5.752791 13.489961
-3.828147 -5.860901 13.776517
-2.693234 -6.446296 13.459332
-1.854386 -5.111311 14.364814
-2.710688 -5.960381 13.834272
-2.781508 -4.852759 14.395421
-2.407159 -3.945538 14.986331
-1.807188 -6.407041 13.690106
-4.141482 -6.240676 13.329606
-3.760524 -2.467976 15.731507
-4.404679 -6.080445 12.770992
-0.869832 -6.577164 13.628253
-4.354532 -5.435330 13.318706
-4.531654 -6.031724 12.453968
-3.781702 -5.163961 13.884317
-4.514249 -5.551801 13.046224
-4.617764 -5.134148 13.507549
-0.934820 -4.992984 14.697471
-2.615700 -5.831297 14.021415
0.216084 -4.676348 15.061809
-3.904551 -5.910995 13.318766
-4.261349 -5.546502 12.806443
-3.589146 -5.969256 13.648942
-4.178319 -5.255810 14.075995
-5.202506 -2.718694 14.982275
-1.733864 -6.496003 13.257172
-2.650447 -6.535257 13.411690
-0.760086 -3.841137 15.034711
-4.173027 -6.004667 12.751663
-3.505421 -4.147662 14.397725
-1.824244 -4.559129 14.694613
-0.932722 -5.005550 14.742273
-3.253096 -4.939103 14.419912
-4.424333 -5.760487 13.321712
-4.369509 -4.993930 13.987923
-4.351832 -5.438805 13.310101
-3.474895 -5.079816 14.056290
-3.615376 -5.424417 13.653675
-4.397234 -2.655501 15.169312
-3.734947 -6.151543 13.282599
-1.509524 -6.504933 13.810401
-1.155981 -3.493901 15.410306
-4.695992 -5.774387 12.650433
-3.052678 -5.399108 14.014696
-0.864774 -3.548647 15.145630
-3.220074 -5.049618 11.557535
-1.089264 -8.212470 14.520196
-2.824536 -3.012249 11.243545
-3.175729 -5.057525 11.635980
-1.803214 -3.351543 12.304545
-2.087478 -3.458833 12.004498
-0.079197 -5.063583 14.208823
-3.036232 -4.666394 11.509067
-3.191592 -3.217619 10.924393
0.195234 -4.493251 14.205503
-2.659445 -6.264802 12.441420
-3.354033 -4.057038 11.171669
-1.359370 -4.430936 13.001554
-3.120482 -5.704115 11.931314
-2.973242 -1.839757 10.896663
-1.316012 -6.215307 13.791601
-1.017106 -2.832014 12.821083
-1.466030 -2.760113 12.403254
-0.495796 -1.972007 12.857466
0.956638 -6.246980 14.974945
-3.540058 -4.495189 11.117695
-0.831409 -4.801928 13.564614
-1.619259 -7.672645 13.995996
-3.099790 -6.260571 12.094593
-1.432594 -2.728835 12.238164
-2.958831 -6.003986 12.058457
-3.063152 -5.619864 11.763156
-2.687886 -5.887118 12.402863
-1.997912 -3.708402 11.929730
-3.289792 -4.168105 11.277054
0.986906 -6.694597 15.289091
-3.261717 -6.148805 11.843564
-2.649082 -6.225391 12.364669
0.990465 -6.747994 15.406667
-3.078228 -4.479740 11.472711
0.169302 -4.248797 14.429949
8.338696 -9.788024 23.558363
5.232697 -3.494903 13.892956
1.536263 -1.112919 4.449047
3.906466 -2.627806 10.518697
8.406682 -5.353852 21.475634
3.328227 -2.241800 9.079855
6.504642 -3.877504 15.748940
4.171009 -2.715926 11.104347
5.720316 -3.690765 15.091984
0.760611 -0.537373 2.209899
1.354096 -0.904717 3.751704
8.805018 -5.175691 21.434156
13.232735 -5.333777 30.917244
11.674769 -4.515260 27.190590
8.072525 -9.480630 22.806269
7.285756 -8.476685 20.589998
1.186434 -0.843206 3.340216
1.311021 -0.949474 3.784920
2.650866 -1.783880 7.123662
3.418758 -2.205471 8.995965
7.685755 -6.376753 21.212553
1.451982 -1.033965 4.096910
5.522167 -3.660374 14.822895
1.292917 -0.896976 3.647613
0.928290 -0.655677 2.688832
0.439725 -0.303313 1.248889
1.376590 -0.916193 3.798802
9.217613 -7.620711 25.395466
2.155493 -1.575738 6.164537
1.060722 -0.762372 3.052936
2.739860 -1.835239 7.338475
5.032401 -3.177431 12.802238
0.583297 -0.401595 1.658383
3.152394 -2.723804 9.068816
5.722612 -4.886090 16.353821
0.637597 -0.458254 1.843708
7.836891 -4.530926 22.796701
3.525940 -2.621055 17.600340
5.873453 -2.809405 18.692347
5.208366 -2.770433 18.449884
4.356947 -2.675556 17.795012
3.434822 -2.627468 17.559217
5.444664 -2.818880 18.604906
3.818408 -2.740364 18.053461
5.749464 -2.889746 18.575157
5.681651 -2.902613 18.712873
5.314777 -2.905365 18.529842
5.076351 -2.825294 17.918577
3.656656 -2.878949 18.259794
5.473387 -2.915736 18.361376
3.622800 -2.387654 19.164234
5.326485 -3.051847 18.849802
5.019327 -2.917985 17.855764
5.169971 -2.987131 18.177034
5.476933 -3.004051 17.842087
5.295761 -2.979947 17.437857
5.334445 -3.202708 17.366100
5.253889 -3.118023 16.743633
5.314928 -3.230333 17.300856
5.341876 -3.344528 17.339159
4.330344 -3.079390 11.400273
3.944408 -2.947216 11.364325
2.787016 -2.928968 11.386212
4.359153 -2.507267 12.430003
4.342583 -2.579190 12.501836
4.187686 -2.554091 12.056538
4.675861 -2.644671 12.374498
4.176290 -2.588300 12.021441
5.657074 -2.826414 19.117502
6.396770 -2.871330 19.858414
6.412208 -2.770441 19.632710
4.443922 -2.534743 18.243706
5.314743 -2.634131 18.988285
4.683367 -2.580406 18.696362
5.123909 -2.654330 19.400522
5.202324 -2.655976 19.349709
4.272458 -2.486103 18.300962
5.253624 -2.560163 19.140625
3.572312 -2.375072 17.921186
5.523607 -2.575746 19.395666
4.178146 -2.517586 19.302774
3.638958 -2.425770 18.797142
4.459613 -2.545719 19.668001
7.143849 -2.793464 21.730312
3.763488 -2.455085 19.564182
4.886381 -4.757786 11.420629
5.362247 -3.183501 17.589272
5.569737 -2.821353 18.685894
3.584535 -4.633411 11.415218
4.777728 -2.472509 12.661725
4.345880 -2.556973 12.628673
3.967260 -2.498849 18.709784
4.669295 -2.618112 17.514629
4.640859 -2.766226 18.562866
4.547440 -2.869630 19.233124
4.464822 -2.536967 19.206381
5.488863 -2.840409 19.290159
4.283871 -3.054488 11.288237
3.676156 -2.729678 18.293772
3.659784 -2.772567 18.087139
5.578063 -2.860777 18.402117
5.302104 -2.904078 18.480572
4.516924 -2.834028 11.940922
5.886577 -3.049436 18.891846
5.446532 -3.053317 18.385010
5.157204 -2.972633 17.904726
4.762642 -2.874852 16.601408
5.550329 -3.147743 17.898876
5.315599 -3.161476 17.450598
5.457447 -2.693603 19.118429
3.528144 -2.423307 17.319071
3.925905 -2.550857 18.408657
5.364549 -2.653180 19.149048
4.386726 -2.560200 18.743643
3.734535 -4.472836 11.011726
2.818852 -2.780612 10.875401
5.249836 -3.306813 17.043839
4.320498 -2.591815 12.613937
4.332995 -2.637173 18.217228
5.865745 -2.923961 19.762243
5.264563 -2.918765 19.681940
6.099007 -2.944971 19.471102
5.252065 -2.882878 18.827785
3.509587 -2.415620 17.245844
5.098652 -3.087415 16.724653
6.081667 -2.916889 20.157108
5.680171 -2.862116 18.321453
5.264144 -2.953161 17.362009
5.006508 -3.002446 17.442730
2.668699 -2.862844 10.991831
5.188227 -2.835640 20.016489
3.823309 -4.564311 11.233005
4.789656 -3.599068 14.425369
5.358622 -3.241450 17.586033
5.802034 -3.096693 18.567881
5.458908 -2.929021 18.389315
5.384776 -2.898280 18.892920
5.534707 -2.853791 18.750410
4.785044 -2.362700 14.064255
3.355400 -2.798626 17.249598
3.383634 -4.450297 10.906715
3.841027 -4.560297 11.245334
2.684548 -3.467883 13.376614
2.999682 -3.229580 14.293653
1.005605 -1.393669 5.650315
0.241189 -1.288683 4.930089
0.359051 -1.352343 5.084280
1.002248 -1.382109 5.584475
0.986887 -1.388709 5.584862
0.446621 -1.384012 5.159609
0.380737 -1.339749 5.052016
0.117108 -1.272069 4.884986
-0.089317 -1.100167 4.622405
0.290690 -1.359613 5.083612
0.006739 -1.154306 4.775289
0.292506 -1.400429 5.032365
0.631044 -0.743789 5.221414
0.310593 -1.331279 5.046584
0.616537 -0.777130 5.247417
-0.010334 -0.669484 4.782090
0.631523 -0.757016 5.281376
0.617459 -0.757462 5.283525
-0.070076 -1.225820 4.645788
-0.094763 -1.119431 4.685550
-0.082377 -1.136984 4.683045
1.005311 -1.390154 5.642412
1.014751 -1.428488 5.753055
0.276306 -1.249162 5.028759
0.293315 -1.391442 4.992640
0.989681 -1.409115 5.597433
0.945585 -1.400324 5.563613
0.161204 -1.231298 4.912735
-0.074638 -1.164097 4.637744
0.120079 -1.262900 4.853979
0.088954 -1.275418 4.894442
0.238200 -1.295970 4.950587
-0.074147 -1.164440 4.640916
0.283978 -1.305131 5.076868
0.153823 -1.275407 4.898881
0.095519 -1.256175 4.829391
0.321138 -1.342410 5.117393
0.033312 -1.254862 4.756292
-0.044176 -1.240018 4.673622
0.460662 -1.407392 5.259437
0.294239 -1.364348 5.118201
-0.088699 -1.102867 4.602283
0.041380 -1.157280 4.795599
0.055504 -0.669281 4.790121
1.007371 -1.398817 5.671156
0.240177 -1.253467 4.988144
-0.115522 -1.076645 4.693214
0.288004 -1.304461 5.072336
0.497179 -1.348590 5.155519
0.321737 -1.333190 5.091104
-0.073160 -1.213028 4.610353
0.509120 -1.349086 5.203547
0.218929 -1.314487 5.026854
0.167122 -1.288431 4.934739
-0.008337 -1.192925 4.743541
0.153017 -1.225371 4.867815
0.495102 -1.273888 5.202915
0.026339 -1.157562 4.772892
-0.084812 -1.110976 4.713515
0.100973 -1.162975 4.770429
0.020603 -1.181907 4.845816
-0.075897 -1.230832 4.980025
0.091614 -1.594307 7.245702
0.822670 -0.951420 7.683819
1.511227 -2.033240 6.773187
2.932938 -1.403500 7.219500
2.864401 -1.387492 7.130805
2.295501 -1.702297 6.931260
2.227265 -1.537242 7.040399
0.622063 -2.033843 6.742103
1.437553 -1.197490 7.342106
3.058668 -2.731287 19.329794
0.816431 -1.493905 7.099185
2.222644 -1.817018 6.925393
2.378385 -1.798632 6.875050
1.422978 -1.172115 7.310968
2.724142 -1.101166 7.232296
1.448603 -1.162286 7.230343
-1.304830 -1.519671 7.653083
2.974205 -1.098628 7.220125
1.229698 -1.199442 7.298419
0.802170 -1.781845 6.905515
2.538747 -1.100021 7.338428
2.541825 -1.065603 7.495268
0.642115 -1.940374 6.956909
0.897888 -1.055849 7.580387
0.990502 -1.104744 7.310459
2.781306 -1.007072 7.339411
2.533103 -1.473748 7.157558
2.998796 -0.978693 7.402555
1.484033 -1.555355 7.164017
0.327062 -1.999135 7.001528
2.865875 -1.353259 7.074417
2.012482 -1.010725 7.429317
2.621645 -1.063882 7.455140
2.681307 -1.045604 7.294831
2.514764 -1.531339 7.365941
2.408051 -1.485344 7.148533
1.260802 -1.286199 7.334205
3.050674 -1.269584 7.187367
1.165751 -1.985868 6.918609
3.035392 -1.310295 7.249052
1.556534 -1.600481 7.049274
1.495436 -1.491882 7.139989
1.937881 -0.955815 7.339564
1.974860 -1.753181 6.997273
1.455427 -1.511571 7.224166
1.843197 -1.991362 6.833059
0.844199 -0.964361 7.641587
1.698438 -1.990996 6.812985
2.221893 -1.658854 6.997948
2.500071 -1.478326 7.019346
-0.055116 -2.069746 7.051453
1.623722 -1.585299 7.027113
1.142671 -1.563688 7.117180
1.477139 -1.647235 6.977516
0.934575 -2.002012 6.784128
1.570612 -1.622492 7.076580
1.914961 -1.721045 6.980957
1.096966 -0.938018 7.411677
0.826187 -1.490091 7.181594
0.991271 -1.477407 7.136714
0.738138 -1.525920 7.199299
0.143292 -1.620554 7.361913
1.091891 -2.019459 6.850121
2.182434 -1.830428 6.973302
-0.297611 -2.085238 7.082393
-1.354910 -1.650221 7.739984
2.524143 -1.095907 7.388847
1.256534 -1.965369 6.754786
1.193524 -1.288811 7.270206
1.480917 -1.647500 6.942049
2.874131 -1.388324 7.130708
1.440875 -1.187236 7.367708
1.010340 -1.109887 7.381876
1.403061 -1.519905 7.027550
1.109781 -1.963566 6.874036
1.501999 -1.529846 7.178561
2.569855 -1.070574 7.552912
1.264225 -1.982282 6.696918
1.479836 -1.481841 7.073370
0.119993 -1.580735 7.175231
1.320666 -1.968815 6.799894
2.954968 -1.317702 7.114329
1.418641 -1.557227 7.010696
1.224437 -1.198800 7.276191
1.937840 -1.733238 7.018469
1.844776 -1.985069 6.816370
0.069156 -2.005412 7.006557
2.567866 -1.114321 7.398307
1.254160 -1.291942 7.334982
0.805830 -1.793766 6.924037
1.512208 -2.039617 6.785468
1.578879 -1.654295 7.084347
0.482447 -1.092289 7.476984
0.092959 -1.551984 7.336958
0.814589 -1.551134 7.168053
0.467535 -1.592262 7.098086
-0.519901 -1.824187 7.364498
1.581907 -2.100481 6.968857
2.638075 -0.975043 7.368997
2.824658 -1.310381 7.228289
1.461510 -1.171368 7.270197
2.224891 -1.668038 7.017422
2.039524 -0.992515 7.460502
1.450814 -1.502582 7.168730
2.723561 -1.010642 7.382125
0.799496 -1.482306 7.034167
0.894219 -1.047342 7.506633
1.664745 -1.510726 7.038311
0.142664 -1.618128 7.320245
1.988833 -1.763684 7.029276
1.473308 -1.151217 7.430507
0.142829 -1.646258 7.340780
1.084719 -2.017339 6.834824
1.639883 -1.594101 7.056314
2.163305 -1.813837 6.911444
0.327398 -2.002740 7.003299
2.489776 -1.650719 7.007097
2.550673 -1.010677 7.496368
1.480740 -1.088306 7.365917
1.513984 -2.059897 6.710460
1.431883 -1.248614 7.321740
-0.299926 -2.101100 7.139316
0.974998 -1.791398 6.916884
1.798326 -1.623787 7.034808
0.125714 -2.070854 6.950481
0.940552 -2.008945 6.804659
-0.295010 -2.000414 7.024802
-0.539055 -1.833179 7.348566
1.136365 -1.564716 7.099745
1.484874 -1.478600 7.239351
0.594920 -1.535627 7.233249
1.461643 -1.502380 7.183611
1.312042 -1.959731 6.775219
1.620035 -1.486569 7.053473
0.809073 -1.796068 6.936233
-1.372998 -1.659245 7.776930
1.517370 -2.057736 6.701956
2.253894 -1.536329 7.084230
2.836176 -1.389481 7.147873
1.145731 -1.583697 7.194410
0.119993 -1.580735 7.175231
1.431067 -1.559907 7.032974
2.413711 -1.824800 6.975564
1.490746 -1.651879 6.988881
2.169865 -1.816544 6.927619
-0.296346 -1.996458 7.011180
-0.198004 -1.838944 7.207725
1.167598 -1.961423 6.904471
2.850119 -1.025639 7.242998
-0.136250 -1.939482 7.068007
1.424489 -1.540657 7.114382
0.637409 -1.057601 7.596065
0.476887 -1.081816 7.421988
2.521264 -1.092500 7.391861
0.363487 -2.061067 6.890419
2.952581 -1.114972 7.380377
0.399784 -1.670289 7.130019
1.002560 -1.107561 7.353834
0.114997 -2.048981 6.884500
0.842300 -2.006546 6.746973
1.456353 -1.169736 7.274484
1.421885 -1.174311 7.281730
1.445595 -1.242557 7.220798
1.381212 -1.249533 7.255630
2.935756 -1.317342 7.105964
0.609123 -1.379226 7.404469
2.731576 -1.362934 7.180912
-0.303922 -2.106285 7.185055
-1.092420 -1.548142 7.773872
-1.314335 -1.554878 7.805974
0.036445 -1.951375 6.967928
0.133804 -1.505405 7.275443
1.830267 -1.968671 6.763026
1.434925 -1.523243 7.155175
0.086027 -1.591440 7.275193
2.272057 -1.893520 6.798191
-1.083211 -1.548997 7.762383
2.260997 -1.539647 7.099253
2.926542 -1.108901 7.333199
1.504826 -2.039263 6.657532
0.393391 -1.668703 7.139480
2.858603 -1.305060 7.234383
1.177155 -1.271859 7.213498
1.545188 -1.460229 7.018751
1.230258 -1.938568 6.728112
1.388850 -1.246303 7.283506
1.337721 -2.001389 6.804382
2.754791 -1.492050 7.076908
1.097370 -1.946627 6.805688
-0.466529 -1.792037 7.424157
1.187854 -1.965485 6.865491
1.164495 -1.961020 6.888050
1.635999 -1.494669 6.993914
0.591638 -1.364560 7.338073
1.584415 -1.658792 7.132358
0.917087 -2.069292 6.859056
0.854687 -2.022206 6.791458
1.279315 -1.754919 6.922281
1.155874 -1.108860 7.348169
0.424438 -1.924988 6.960774
-1.454128 -1.674147 7.787557
1.117533 -1.564505 7.103671
2.801111 -1.281248 7.269491
1.894757 -3.184500 7.468706
1.507322 -1.662804 7.034234
2.391292 -1.804628 6.910995
1.453260 -1.247027 7.246270
1.171152 -1.610199 7.176213
2.167141 -1.172059 7.252833
1.959270 -1.723767 7.118798
1.650204 -1.598054 7.053575
-0.617458 -1.765444 7.482397
-0.362058 -1.686433 7.366654
0.977513 -1.378378 7.204133
1.540696 -1.984964 6.778149
0.362350 -2.046386 6.872912
0.374488 -1.676556 7.108615
1.337227 -1.998359 6.802929
0.953282 -1.375130 7.172998
1.230926 -2.031023 6.925682
-0.272616 -1.757993 7.371783
1.267751 -1.743882 6.946987
-1.084517 -1.559443 7.836042
-0.130528 -1.735196 7.219668
0.959642 -2.028253 6.856078
1.195464 -1.733773 7.006381
1.358600 -1.288310 7.168171
1.434261 -1.535488 7.210060
1.763302 -1.621190 7.028813
-0.360230 -1.691513 7.388452
-0.199556 -1.842972 7.257888
0.375961 -1.630557 7.133665
2.119006 -1.858778 6.838222
2.644826 -1.630253 7.126056
1.649374 -1.591297 7.038068
0.480911 -1.611831 7.193945
1.141361 -1.585459 7.079790
1.251171 -1.666511 7.435091
2.283917 -1.899891 6.850311
2.141571 -1.818416 6.562311
1.444797 -1.572422 7.093709
1.244537 -1.197340 7.293597
-0.368237 -2.016089 7.202249
1.379801 -1.242124 7.280291
1.458208 -1.271065 7.329845
1.652666 -1.563387 7.124322
-0.162866 -2.014234 7.158774
1.423267 -1.556279 7.154675
1.493220 -2.035859 6.638037
1.170548 -1.261020 7.157713
-1.459239 -1.689355 7.864011
0.797560 -1.539693 7.144681
0.897880 -1.561876 7.272275
1.612217 -1.489380 6.949154
1.258000 -1.956047 6.809629
1.100158 -1.951917 6.823123
0.104365 -1.991971 6.963493
2.226225 -1.206435 7.469780
2.631413 -2.045059 6.747323
-0.330072 -1.590816 7.502512
0.903911 -2.046805 6.803475
0.111431 -1.576682 7.437849
2.766850 -1.371242 7.225464
1.114058 -1.955115 6.831302
-0.130233 -1.740738 7.222024
2.164206 -1.894353 6.910415
2.217959 -1.835349 7.020423
0.947508 -2.006492 6.747271
-0.255053 -1.799483 7.270743
1.178239 -1.568812 6.981267
1.260467 -1.741678 6.891218
0.135840 -1.622258 7.235579
1.796385 -1.665305 7.160039
-0.210736 -1.811864 7.168569
1.204385 -1.292465 7.259057
1.211354 -1.362010 7.301435
-0.525910 -1.725644 7.321438
0.808361 -1.556873 7.206198
1.539627 -1.563403 7.194141
0.585149 -1.551305 7.227624
1.621166 -1.502520 7.017433
1.335332 -1.997829 6.777316
0.304722 -1.986453 6.888285
1.087384 -2.028227 6.904813
-0.127602 -1.941480 7.068663
1.090494 -1.564713 7.052634
1.097524 -1.510901 6.728347
-0.665566 -1.724120 7.494191
-0.454060 -1.810629 7.503716
0.580229 -1.403343 7.423091
1.650140 -1.756888 6.970315
0.682382 -1.473808 7.170995
1.939661 -1.716107 7.019620
2.282826 -1.908930 6.857568
-1.117511 -2.097944 7.257981
1.299589 -1.533288 6.996223
0.786720 -1.476364 7.195756
1.928437 -1.625979 7.051223
2.182925 -1.900329 6.983984
-0.620353 -1.745570 7.308900
-0.122857 -1.756386 7.253451
1.183865 -2.575581 6.110907
-0.334462 -2.058233 7.032836
1.191629 -1.652665 7.014401
1.221365 -1.714278 6.783721
-0.518351 -1.714593 7.268414
2.325073 -1.832453 6.912398
-0.217164 -1.794638 7.109262
-0.260833 -2.019949 6.978741
0.385217 -1.805690 7.078298
1.301124 -1.976296 6.838809
1.500354 -1.492688 7.240304
0.094613 -1.991828 6.963760
1.490556 -1.549688 7.076185
0.776895 -1.471633 7.145615
1.488353 -2.022297 6.844712
1.624799 -1.515926 7.032783
1.178870 -2.075578 6.940012
0.807012 -1.552851 7.197156
0.604425 -1.597042 7.409868
1.399435 -1.575191 7.100681
1.336152 -1.569291 7.151285
1.620612 -1.556198 6.912330
1.450844 -2.048889 6.778482
1.211130 -1.610010 7.129670
0.974498 -2.042635 6.829520
-0.381789 -1.692810 7.496940
1.757363 -1.651051 7.086982
-0.295317 -1.732935 7.250950
0.438190 -1.586914 7.157878
-0.168387 -2.001490 7.110926
0.164939 -2.020887 6.920688
-0.125727 -1.723438 7.416542
-0.948620 -2.113980 7.164906
1.064964 -1.503957 6.668602
1.024879 -1.494030 6.704393
0.121290 -2.117909 7.102118
2.266726 -1.897866 6.822212
-0.627406 -1.707313 7.161304
0.099917 -2.074531 6.966980
-0.381689 -1.695545 7.498070
-0.743375 -2.215084 7.159123
1.198400 -1.772311 7.082529
-0.409727 -1.956786 6.938420
1.232044 -1.729354 6.791606
1.282508 -1.963037 6.764766
0.385044 -2.089988 6.997365
1.382552 -2.037991 6.848919
-0.948651 -2.108377 7.161957
-0.267431 -2.005726 6.915130
0.296746 -2.003181 6.918346
2.333483 -1.844295 6.937509
2.124923 -1.862550 6.812174
0.334734 -1.701125 7.135962
1.204323 -1.638423 7.117376
0.542834 -1.570072 7.194304
1.363025 -1.571992 7.190213
1.996400 -1.757467 7.044723
-0.035332 -2.825609 10.711264
1.802595 -5.561258 16.431997
-0.444049 -6.239059 10.958455
0.626138 -4.699707 13.747106
3.648843 -4.962100 19.220289
-0.063775 -2.885122 11.221261
0.036917 -2.998498 11.765996
1.785062 -5.485727 16.368025
0.248801 -3.192787 11.851905
3.058539 -4.602947 17.672455
4.491526 -10.029963 24.131973
1.445357 -4.417419 14.916174
0.129157 -3.208472 11.716087
2.096833 -4.864832 16.249193
1.503623 -5.031794 15.690385
-0.590657 -3.493029 10.892776
0.179912 -7.402485 12.785357
-0.060237 -2.852907 11.066651
4.531007 -9.800071 23.800323
-0.016681 -3.071307 11.495892
1.339390 -8.011576 16.881495
3.260725 -4.955318 18.453415
0.771450 -3.996168 13.353145
1.772346 -5.527590 16.289463
-0.353997 -3.617024 10.914801
-0.374464 -6.353469 11.171372
-0.800761 -3.420439 10.430525
5.068957 -12.678627 24.886280
5.591782 -13.583786 27.000948
6.537654 -11.929524 31.309172
4.486974 -10.059624 24.164469
4.794286 -10.374864 25.029083
3.578050 -4.865118 18.795416
5.133477 -10.518527 25.472155
4.620560 -9.977084 24.247364
2.723336 -4.486153 17.218399
-0.576044 -3.435020 10.738935
-0.493501 -3.652016 11.304411
-0.281294 -5.457074 11.710376
1.432211 -4.817452 14.907672
-0.899909 -3.284282 10.015380
1.687773 -4.841402 15.853422
-0.784518 -3.364502 10.230325
3.361153 -5.017061 18.378162
-0.561780 -3.408964 10.615105
0.478999 -3.467789 12.354669
2.690635 -4.874456 16.902452
6.537665 -11.929543 31.309217
-0.344172 -3.538638 10.822224
-0.445647 -3.614195 10.927512
5.370519 -10.937811 26.571497
1.277219 -7.082998 15.021214
4.847980 -12.211067 23.941751
-0.481674 -3.562736 11.015142
5.696173 -13.787933 27.369339
-0.640051 -3.584467 11.002516
0.487176 -3.547514 12.690935
-0.305212 -3.901873 11.890647
-0.800444 -3.412976 10.402802
-0.452142 -3.643310 11.029062
3.310448 -4.946334 18.145443
5.508329 -11.130757 27.060833
0.057831 -4.251836 12.104451
5.590316 -10.440606 26.585245
-0.582214 -3.501834 10.903946
5.417122 -10.711773 26.646011
-0.579475 -3.606545 11.198771
6.519209 -12.512230 30.868849
5.764770 -10.795552 27.961519
-0.636956 -3.466896 10.583105
-0.154727 -5.905426 12.662201
-0.392210 -4.887225 10.543442
1.283124 -7.245070 15.352110
-0.625480 -3.404636 10.359601
-0.304824 -3.671135 11.166541
4.377603 -9.704970 23.358875
-0.038681 -4.064078 11.997989
0.088201 -4.457324 12.660946
6.262142 -12.452330 30.363844
6.004956 -11.385251 29.195641
1.535041 -2.549605 6.219082
1.394134 -2.564526 6.255158
-0.942488 -3.018458 5.704111
-0.757673 -3.025471 5.715715
1.610593 -2.764381 5.704559
2.205590 -2.353853 6.558832
1.854953 -2.553551 6.063313
1.221038 -2.637167 5.980325
1.767709 -2.529974 6.041388
1.697706 -2.518878 6.194283
1.973911 -2.473831 6.289906
1.470216 -2.596937 6.026317
-0.905713 -3.150278 5.468729
2.349466 -2.337392 6.516352
1.477383 -2.486642 6.417532
0.035704 -2.793369 6.160900
-0.902940 -3.122709 5.452556
2.444055 -2.334990 6.591574
2.030900 -2.468717 6.293148
2.391433 -2.352024 6.595742
2.056133 -2.601905 5.836250
2.070307 -2.632179 5.880406
1.594252 -2.722972 5.738200
0.596744 -2.673506 6.234128
2.470246 -2.323052 6.600149
1.928671 -2.457764 6.232673
1.626989 -2.720737 5.745312
1.649347 -2.797769 5.656908
1.744523 -2.694806 5.718774
1.848228 -2.485847 6.231127
1.599701 -2.503628 6.277864
2.011296 -2.460192 6.292013
1.296832 -2.533223 6.319524
1.185221 -2.552461 6.348021
1.738060 -2.569431 6.055619
2.453614 -2.322861 6.618959
1.450901 -2.533706 6.283022
1.203462 -2.558036 6.327266
1.457366 -2.619495 6.013677
1.786194 -2.707765 5.772645
1.413514 -2.539003 6.264090
1.187156 -2.568204 6.317492
1.240882 -2.642447 6.038978
1.578370 -2.535351 6.219042
1.473763 -2.541941 6.233354
1.124390 -2.570519 6.288579
1.485946 -2.383786 6.487969
1.591695 -2.554784 6.196693
0.794625 -2.656573 6.163561
2.356151 -2.375782 6.559942
1.616245 -2.525071 6.157496
1.615441 -2.578808 6.013404
1.587535 -2.516335 6.257406
1.707160 -2.573186 6.035201
2.165782 -2.432390 6.308825
0.446200 -2.691703 6.181481
2.370207 -2.401290 6.394878
2.247703 -2.419461 6.370834
1.626529 -2.557168 6.044298
1.697641 -2.553401 6.144075
1.639261 -2.678318 5.659606
-1.122793 -3.033691 5.556714
1.798869 -2.708193 5.747123
2.203342 -2.418530 6.310681
1.407050 -2.610384 6.012423
1.401191 -2.546570 6.161064
2.332532 -2.376958 6.527225
0.897813 -2.617092 6.151433
1.249933 -2.653008 5.981472
-1.126309 -3.058537 5.636754
2.047174 -2.612806 5.878510
-0.736020 -3.019990 5.519710
-0.814195 -3.010390 5.670704
1.955780 -2.451929 6.235000
2.234389 -2.375467 6.561474
1.126329 -2.596380 6.286226
-0.727454 -3.098479 5.388741
1.612667 -2.575223 5.998982
1.374741 -2.524000 6.153986
2.196399 -2.350652 6.537197
1.482640 -2.615571 6.058080
1.514164 -2.493731 6.409767
1.482110 -2.483848 6.409559
1.609525 -2.539503 6.167731
1.447836 -2.606081 5.980869
2.120592 -2.438233 6.288263
0.506163 -2.699800 6.193252
1.709725 -2.573318 6.036669
1.591684 -2.551682 6.197169
2.430174 -2.341572 6.587132
2.337377 -2.297139 6.484102
1.752022 -2.712839 5.748608
1.622433 -2.714392 5.735380
2.029916 -2.587056 5.828212
1.252169 -2.646693 5.966834
1.491756 -2.414281 6.597047
1.770653 -2.544769 6.046150
1.810299 -2.546756 6.048443
1.857488 -2.547133 6.047217
1.720166 -2.540474 6.110847
-0.933054 -3.026644 5.631515
1.739324 -2.720814 5.732909
1.740233 -2.638392 5.872623
1.601053 -2.729291 5.749102
-0.979039 -3.001022 5.668314
-0.935068 -2.991430 5.650628
-0.859339 -2.988311 5.644347
1.740572 -2.540156 6.091441
1.472307 -2.540590 6.230638
2.044421 -2.446002 6.288062
1.516370 -2.507366 6.379626
1.885357 -2.462320 6.221290
2.183990 -2.421914 6.330215
1.511378 -2.507523 6.341162
1.675232 -2.521811 6.202610
1.846134 -2.481317 6.205674
-0.372237 -2.740478 6.833766
1.584419 -2.505217 6.227902
1.445396 -2.522273 6.249893
1.418633 -2.540995 6.293767
1.476309 -2.531307 6.248639
1.742285 -2.560691 6.078981
1.634983 -2.569124 6.064925
0.060442 -2.765090 6.101578
1.417864 -2.620686 6.031867
1.816354 -2.528054 6.099891
2.199371 -2.410998 6.286021
1.611852 -2.772061 5.714517
-0.935945 -3.009358 5.675358
1.635877 -2.791024 5.638390
-0.777706 -3.092231 5.437067
1.765502 -2.526305 6.116489
2.064481 -2.407758 6.566448
1.690276 -2.541690 6.130902
1.462648 -2.371197 6.500822
1.714990 -2.541427 6.107749
2.236942 -2.375803 6.566051
1.664950 -2.687255 5.805187
2.203228 -2.360345 6.555385
1.214718 -2.616002 5.982495
1.467098 -2.594713 6.002131
1.410120 -2.568921 6.241205
1.443771 -2.607959 5.988037
0.496410 -2.692614 6.181431
-0.932312 -3.030457 5.646539
1.247636 -2.655522 5.987083
2.059469 -2.637657 5.879129
1.518402 -2.504137 6.436243
-0.813893 -3.017864 5.674459
1.742636 -2.642125 5.871525
1.600267 -2.725069 5.746608
2.279932 -2.401233 6.354826
1.477551 -2.537503 6.263401
1.438058 -2.532298 6.254191
1.205558 -2.562893 6.328863
1.504041 -2.538444 6.241864
1.530285 -2.539211 6.220103
1.607651 -2.801241 5.639941
1.717720 -2.522776 6.156942
1.841164 -2.484131 6.206255
1.744572 -2.696327 5.724949
1.181297 -2.564389 6.307899
-0.734210 -3.035728 5.523453
1.728825 -2.683604 5.721243
2.030929 -2.595279 5.848804
-0.369274 -2.723604 6.804215
1.855735 -2.549986 6.054900
1.676794 -2.520833 6.198847
1.712237 -2.527001 6.082763
1.494505 -2.616490 6.041620
1.662871 -2.508237 6.177560
1.588462 -2.532850 6.177876
1.486872 -2.556270 6.297968
1.518723 -2.557209 6.271608
1.709288 -2.691497 5.876283
1.756554 -2.664213 5.916841
2.049610 -2.631940 5.866677
2.341987 -2.373381 6.557157
1.660439 -2.531366 6.119554
1.241145 -2.631693 5.947720
1.525333 -2.531337 6.206203
-0.995531 -3.016494 5.699219
0.498536 -2.702509 6.213043
1.806399 -2.511469 6.012846
1.657566 -2.670435 5.827403
1.507242 -2.507945 6.389952
1.605811 -2.558022 6.097930
1.877855 -2.719682 5.747079
1.643870 -2.513860 6.341169
1.765517 -2.551424 6.027376
0.465930 -2.703310 6.191084
1.605745 -2.799452 5.636990
1.212608 -2.625454 5.984908
1.490976 -2.410980 6.529847
1.737772 -2.694559 5.738818
1.166756 -2.543689 6.324152
0.022022 -2.804463 6.148125
1.597098 -2.715893 5.733744
-0.737864 -3.070587 5.577058
1.343465 -2.565055 6.226850
-1.133739 -3.090964 5.674893
1.325062 -2.541845 6.233263
1.692999 -2.576222 6.029111
-0.879755 -3.022605 5.685851
-0.798416 -3.010132 5.661884
-1.006321 -3.011474 5.688775
2.046911 -2.609701 5.939468
-0.792442 -2.996828 6.355323
1.788198 -2.713043 5.780143
1.863026 -2.734182 5.829466
1.496177 -2.604846 6.026165
1.671263 -2.538669 6.243681
1.665753 -2.525541 6.281888
1.742547 -2.581982 6.138640
1.782820 -2.555247 6.177174
1.669132 -2.700072 5.816201
1.127530 -2.615177 6.324903
1.664019 -2.679526 5.659116
1.517686 -2.548087 6.269068
-1.126156 -3.076015 5.638954
1.581146 -2.551856 6.043787
-0.919818 -3.009289 5.675829
0.995007 -2.588598 6.215076
1.120971 -2.608197 6.307588
1.141726 -2.529585 6.240789
1.664004 -2.713536 5.890766
-0.788766 -2.998532 5.625209
1.770683 -2.751884 5.865734
1.629421 -2.502815 6.265170
1.708880 -2.736572 5.727835
1.233075 -2.563101 6.327096
1.310000 -2.524783 6.224296
1.662659 -2.762646 5.682871
1.198953 -2.656389 6.014969
0.489846 -2.706968 6.213133
1.643352 -2.609157 6.065019
1.784934 -2.702257 5.757978
1.926962 -2.663048 5.846112
1.696526 -2.522310 6.016597
1.880368 -2.547554 6.072625
1.243791 -2.656565 5.978821
0.095860 -2.840679 6.237498
1.623437 -2.764369 5.821610
0.025325 -2.780886 6.106566
1.703365 -2.742536 5.340731
0.922712 -2.629477 6.181153
1.624278 -2.569826 5.991064
1.829067 -2.737229 5.676748
1.557124 -2.540498 6.022294
1.969732 -2.630153 5.908898
1.822204 -2.670556 5.954187
1.634648 -2.496310 6.258581
-1.354836 -3.039087 6.439582
1.222465 -2.610417 5.905057
1.609779 -2.743312 5.773225
1.602285 -2.716407 5.732618
1.813005 -2.760204 5.821463
1.793058 -2.629678 5.597291
1.631527 -2.589371 6.021086
1.424006 -2.673175 5.784269
0.923162 -2.638806 6.195373
1.639336 -2.686644 5.867243
1.606909 -2.759668 5.587866
1.176436 -2.653155 5.949155
0.832198 -2.607525 5.901180
0.087834 -2.745001 6.047358
0.412027 -0.895891 3.730159
0.392458 -1.002117 3.786428
0.646560 -0.871473 3.837481
0.628906 -0.871527 3.836217
0.538525 -0.731741 4.112781
0.394597 -0.768024 3.684647
0.411690 -0.768088 3.725620
0.664976 -0.878248 3.868503
0.405344 -0.746964 3.669577
0.605267 -0.850108 3.825394
0.402759 -0.735399 3.681246
0.353111 -0.711665 3.643874
0.303921 -0.684856 3.556306
0.317382 -0.696247 3.618598
0.171004 -0.652496 3.403866
0.279673 -0.663159 3.506716
0.414762 -0.911884 3.754679
-0.053654 -0.621027 3.183124
0.404132 -0.696960 3.775130
-0.032136 -0.635555 3.174204
0.254850 -0.772000 3.604619
0.471510 -0.975386 3.798767
-0.073777 -0.683665 3.264790
0.427413 -0.874403 3.716968
0.387837 -0.913325 3.742176
0.257687 -0.894216 3.647486
0.604899 -0.846757 3.844839
0.452687 -0.753874 3.715463
0.431259 -0.750478 3.707543
0.401660 -0.744889 3.665021
0.416614 -0.901773 3.756283
-0.251835 -0.639105 2.895730
0.653286 -0.889283 3.947267
0.609152 -0.855359 3.838671
0.387560 -0.769043 3.676619
0.407376 -0.940769 3.765495
0.365991 -0.698582 3.709956
0.262136 -0.901547 3.675215
0.441157 -0.719407 3.660578
0.206894 -0.794073 3.589162
-0.264744 -0.664565 3.007610
0.423053 -0.757105 3.678379
0.428679 -0.886985 3.781291
0.414026 -0.774096 3.760501
0.443517 -0.867521 3.749683
0.418129 -0.733991 3.690278
0.638038 -0.874304 3.886980
0.430285 -0.747551 3.688513
0.405290 -0.746491 3.680372
0.606520 -0.869213 3.888768
-0.386624 -0.567703 2.341351
0.479506 -0.757503 3.743688
0.260580 -0.903664 3.681632
0.129112 -0.805008 3.547616
0.683600 -0.889282 3.929509
0.623718 -0.853068 3.869793
0.346474 -0.776942 3.669787
0.240246 -0.786781 3.594307
0.669204 -0.876598 3.868271
0.468800 -0.845110 3.725638
0.132706 -0.805613 3.550610
0.450076 -0.879807 3.752898
0.443606 -0.867626 3.760387
0.395001 -0.893999 3.720518
0.431161 -0.915186 3.781168
0.111341 -0.788074 3.542062
0.310608 -0.743663 3.508016
-0.386816 -0.567280 2.342750
0.239048 -0.868836 3.575552
0.251553 -0.899283 3.634654
0.255891 -0.895796 3.672566
0.406235 -0.941623 3.735590
0.416040 -0.982542 3.709052
0.345876 -0.936190 3.769264
0.150668 -2.253370 10.383382
0.712511 -3.293626 15.419760
-0.032095 -2.729865 11.787326
-0.039255 -2.469591 10.267936
0.341281 -2.532547 11.736079
0.160263 -2.676971 12.085615
0.337229 -2.507925 11.863933
-0.037377 -2.575314 11.401629
-0.088964 -2.648692 11.334477
-0.009272 -1.973285 8.524135
-0.136693 -2.605546 11.820800
0.044317 -3.494255 12.112535
0.117902 -1.453371 3.258333
0.004117 -3.196441 10.720016
0.039413 -3.459001 11.979472
4.917333 -13.120702 28.816517
4.365328 -12.412742 26.768042
7.800097 -14.329979 31.094765
0.015772 -2.941156 9.806178
3.655874 -10.371828 22.427425
0.005497 -3.257933 10.909904
0.814404 -11.260891 23.564322
-1.421359 -2.515986 18.129498
-2.055357 -2.772043 19.893642
-1.329639 -2.629860 18.595991
-1.664322 -2.391796 17.013517
-1.809780 -2.551700 18.095203
-1.680738 -2.715067 18.993223
-1.797302 -2.439183 18.608965
-2.052216 -2.725004 18.609062
-2.021866 -2.447555 18.165453
-2.027855 -2.841242 18.575972
-1.887514 -2.999568 19.076481
-1.992909 -3.040368 19.073498
-2.142160 -3.160099 19.824961
-1.542275 -2.112913 16.776754
-2.245853 -4.764320 21.259340
-1.858666 -3.347868 21.239183
-2.236169 -3.524678 21.337133
2.459432 -6.913478 17.290333
-2.239981 -4.985140 23.192390
-1.338848 -2.379366 16.985909
-1.670933 -2.718344 18.897411
-2.001883 -2.846288 19.610636
-1.956693 -2.601987 17.747976
-1.936201 -2.970098 19.755692
-2.169093 -3.279812 21.549982
-2.063944 -2.936094 19.188345
-2.129094 -10.724778 26.026243
-0.961872 -2.472636 18.183407
-2.273715 -11.446403 27.796093
-2.163619 -4.616880 20.711700
-2.036226 -2.879985 18.883568
-1.775731 -2.767441 18.124815
-2.194925 -3.185852 21.698690
-1.643597 -2.620180 18.308157
-1.893990 -2.374960 17.036118
-1.091402 -2.345549 16.746256
-2.109474 -2.967583 19.525576
3.266751 -9.158776 19.252293
1.093152 -8.018112 20.107737
-2.098203 -11.417239 27.849184
0.318703 -0.786827 2.120232
0.277289 -0.576856 2.277513
0.318436 -0.781130 2.118966
0.320750 -0.758641 2.133704
0.307446 -0.550071 2.288345
0.054156 -0.712040 2.262552
0.341794 -0.682822 2.176036
0.054661 -0.710502 2.265868
0.335524 -0.680724 2.182882
0.323084 -0.649138 2.217032
0.328255 -0.554958 2.288588
0.323838 -0.635324 2.223042
0.270814 -0.782737 2.142651
0.334336 -0.671076 2.191503
0.286565 -0.769006 2.151147
0.270491 -0.669839 2.220077
0.285276 -0.750296 2.160261
0.301227 -0.646869 2.224516
0.088909 -0.344064 2.394637
0.092029 -0.353152 2.389148
0.321366 -0.648762 2.214640
0.332686 -0.672651 2.191429
0.282926 -0.584778 2.272881
0.283866 -0.460120 2.353943
0.313521 -0.629864 2.224478
0.322921 -0.636193 2.226841
0.325577 -0.547126 2.287189
0.308574 -0.547896 2.298507
0.275470 -0.679288 2.212002
0.283213 -0.748846 2.155560
0.256364 -0.846738 2.103648
0.284724 -0.767734 2.145448
0.283269 -0.550964 2.298857
0.090673 -0.353034 2.384907
0.329489 -0.680067 2.181564
0.091119 -0.339201 2.401717
0.210994 -0.376002 2.291455
0.322939 -0.548316 2.285805
0.286815 -0.637547 2.237441
0.324877 -0.636366 2.222660
0.312302 -0.692774 2.185056
0.293921 -0.619773 2.263642
0.281611 -0.786029 2.136834
0.322349 -0.651418 2.216446
0.306433 -0.645804 2.227970
0.318378 -0.548020 2.280655
0.266600 -0.624329 2.243040
8.263615 -5.104430 33.770329
-2.210340 -3.402621 22.648718
-3.902192 -3.734650 27.264587
-1.878154 -2.481949 18.162516
-0.293198 -0.092258 0.639816
-3.563465 -3.592568 25.909220
-3.803993 -3.660561 26.614689
-2.586401 -3.422890 25.070877
-1.920249 -2.773040 18.697887
8.044621 -5.169515 31.249063
7.943186 -4.774107 27.976669
0.197926 -0.489795 2.071069
0.490288 -0.264568 2.042393
0.058921 -0.432391 2.144916
0.044466 -0.429281 2.152771
0.085770 -0.408490 2.143136
0.415566 -0.285015 2.086311
0.189882 -0.392400 2.136103
0.084012 -0.392571 2.168850
0.355188 -0.312839 2.106165
0.086973 -0.385113 2.174291
0.398875 -0.324942 2.085305
0.421401 -0.330551 2.079957
0.394890 -0.350576 2.090211
0.434313 -0.348384 2.073444
0.396101 -0.331790 2.082906
0.179184 -0.464296 2.097725
0.328337 -0.367710 2.120882
0.322318 -0.366718 2.112376
0.244937 -0.369612 2.129065
0.530590 -0.382031 2.001551
0.522888 -0.377002 2.033410
0.137564 -0.386291 2.152072
0.214419 -0.385362 2.139581
0.164226 -0.387665 2.150897
0.515798 -0.374361 2.041662
0.509849 -0.372460 2.035184
0.340896 -0.300223 2.108280
0.348350 -0.303248 2.109102
0.659956 -0.296270 1.959126
0.634262 -0.248462 1.991511
0.447801 -0.338705 2.070282
0.198602 -0.491506 2.073935
0.185601 -0.481186 2.084335
0.178328 -0.465456 2.096691
0.047907 -0.435042 2.157062
0.053587 -0.422611 2.158125
0.709639 -0.376366 1.938612
0.097638 -0.413453 2.149154
0.530008 -0.383063 1.999651
0.030658 -0.412217 2.166966
0.047945 -0.409285 2.157731
0.768420 -0.357928 1.899852
0.036424 -0.397454 2.171034
0.206854 -0.386000 2.126561
0.165322 -0.387891 2.152703
0.048248 -0.388890 2.174807
0.733957 -0.344949 1.932556
0.039671 -0.387646 2.176706
0.069133 -0.386274 2.169809
0.323449 -0.366131 2.110784
0.395643 -0.349000 2.082503
0.596451 -0.332169 1.992905
0.405643 -0.340004 2.074800
0.424535 -0.330285 2.084232
0.399304 -0.325424 2.085638
0.351572 -0.325516 2.107339
0.329432 -0.323849 2.112414
0.344846 -0.323338 2.098800
0.621053 -0.305582 2.010890
0.329593 -0.317255 2.115442
0.720024 -0.292784 1.944633
0.360710 -0.315227 2.109427
0.379710 -0.308997 2.087416
0.572710 -0.297147 2.024075
0.604520 -0.288644 1.993238
0.433459 -0.289782 2.072264
0.420179 -0.286468 2.091024
0.197713 -0.490081 2.073440
0.179545 -0.466020 2.098436
0.060766 -0.432756 2.147270
0.752702 -0.375999 1.896652
0.053580 -0.422764 2.160387
0.708647 -0.376607 1.938365
0.095797 -0.411441 2.143440
0.032533 -0.409971 2.162201
0.704014 -0.358434 1.943337
0.181955 -0.390339 2.126351
0.206095 -0.386104 2.125201
0.726250 -0.350711 1.942232
0.036295 -0.387155 2.167035
0.047002 -0.388168 2.176347
0.244503 -0.369370 2.125727
0.584360 -0.342773 1.990382
0.596058 -0.331457 1.996481
0.385036 -0.341008 2.093732
0.423923 -0.331415 2.083965
0.353413 -0.325918 2.110912
0.329970 -0.323433 2.115524
0.329378 -0.316132 2.111617
0.578471 -0.300542 2.003443
0.355593 -0.312467 2.101363
0.644408 -0.288076 1.964543
0.341684 -0.303799 2.103560
0.609287 -0.288995 1.997609
0.431004 -0.289676 2.068125
0.029873 -0.428193 2.162652
0.055080 -0.422803 2.164824
0.713206 -0.379419 1.940444
0.097274 -0.413021 2.150769
0.740676 -0.358031 1.922291
0.707651 -0.357578 1.946431
0.767875 -0.354015 1.914154
0.185265 -0.390693 2.141235
0.402561 -0.349334 2.088878
0.408872 -0.339288 2.079757
0.609732 -0.321085 1.987734
0.395087 -0.334268 2.092205
0.351297 -0.322987 2.101711
0.575077 -0.300709 2.002866
0.197480 -0.488465 2.077121
0.047673 -0.408532 2.150577
0.078053 -0.408234 2.149047
0.516502 -0.372839 2.021437
0.147224 -0.387682 2.129529
0.183096 -0.390205 2.133040
0.709824 -0.356126 1.949332
0.088799 -0.386009 2.162739
0.496186 -0.360943 2.036355
0.737825 -0.341329 1.937950
0.694196 -0.339134 1.957320
0.588146 -0.340830 1.988410
0.296719 -0.357806 2.118527
0.404075 -0.345452 2.080781
0.494405 -0.339215 2.049166
0.001967 -0.355831 2.196506
0.387432 -0.339433 2.095541
0.607944 -0.321115 1.993230
0.182106 -0.484597 2.099950
0.028055 -0.429898 2.150983
0.719228 -0.382560 1.945833
0.149168 -0.392781 2.138242
0.201691 -0.382388 2.120645
0.041038 -0.388415 2.179200
0.158629 -0.436284 2.119425
0.241395 -0.503278 2.076217
0.133331 -0.485225 2.110459
0.174773 -0.481676 2.087486
0.649356 -0.759640 3.880388
0.371473 -1.157741 3.583053
0.668513 -0.774159 3.916723
0.188765 -1.142711 3.674821
0.245182 -1.132788 3.647704
0.308844 -1.074275 3.719154
0.215952 -1.033773 3.720100
0.324040 -1.068969 3.696887
0.314753 -1.125347 3.635712
0.272289 -1.121403 3.679329
0.397010 -1.163974 3.596261
1.330399 -1.188177 3.256660
0.305424 -1.157287 3.594573
0.267385 -1.157650 3.612367
0.265580 -1.117382 3.659068
0.333800 -1.115040 3.687119
0.250748 -1.090822 3.736438
0.298207 -1.077906 3.693173
0.323744 -1.069368 3.695270
0.259546 -1.070278 3.712713
0.231302 -1.070287 3.751384
1.325210 -1.185495 3.245601
0.370106 -1.154488 3.575746
0.273949 -1.157467 3.621053
0.252779 -1.163551 3.655426
0.326853 -1.112936 3.676935
0.429666 -1.048203 3.682917
0.365163 -1.030496 3.698584
1.312290 -1.173024 3.255492
0.373004 -1.156576 3.579520
0.250770 -1.163116 3.647937
0.271182 -1.159157 3.623674
0.435190 -1.152697 3.624935
0.220259 -1.062456 3.735637
0.365561 -1.029148 3.720130
1.376413 -0.747551 3.664995
0.675049 -0.771514 3.902521
0.603958 -0.756199 3.938799
0.289618 -1.155920 3.580838
0.323807 -1.120863 3.678027
0.412951 -1.017807 3.693663
1.331181 -0.729526 3.730317
0.623587 -0.763683 3.984806
0.386349 -1.169342 3.625499
0.431925 -1.042928 3.757548
0.510578 -0.884013 3.787102
1.383735 -0.760129 3.684446
1.306117 -0.724339 3.673133
1.148469 -1.067731 3.413348
0.503715 -0.883294 3.798807
1.145824 -1.069375 3.407188
0.789378 -1.046653 3.550487
0.472099 -1.678358 3.049158
0.456046 -1.680891 3.060576
0.506668 -1.683771 3.072097
0.524930 -1.682003 3.101480
0.432725 -1.681094 3.075135
0.895600 -1.736896 3.038534
0.275575 -1.697593 3.002698
0.475637 -1.698652 3.082047
0.522211 -1.661761 3.059895
0.571712 -1.662391 3.090420
0.523918 -1.663110 3.064255
0.411605 -1.511635 3.165897
0.267872 -1.665977 3.041176
0.652095 -1.687872 3.094209
0.557402 -1.659564 3.055268
0.405549 -1.506328 3.163807
0.646864 -1.521764 3.211065
0.428663 -1.487328 3.215364
0.828187 -1.613072 3.157118
0.345185 -1.510456 3.164477
0.372422 -1.500572 3.225453
-2.784157 -4.342716 9.794778
-2.365537 -3.633816 8.321545
-2.850452 -4.406853 10.144216
-3.353340 -3.791360 8.811304
-4.082572 -6.268397 14.579987
2.246671 -4.264997 10.495847
0.030120 -2.353468 8.556300
0.166925 -2.356685 8.576367
0.182590 -2.268910 8.409799
0.471202 -2.468163 9.186496
0.164143 -2.065097 8.446213
0.031194 -2.154839 8.840579
0.105483 -2.006823 8.337294
0.103104 -1.903555 8.122328
-2.499590 -3.837402 8.806693
-3.336532 -3.776623 8.771775
-2.889311 -4.380608 10.372619
-7.032553 -10.513290 25.375860
2.221276 -4.204557 10.347516
0.027574 -2.469585 8.974788
0.191734 -2.335227 8.646914
0.453005 -2.293874 8.675297
0.162043 -2.200279 8.972305
0.038082 -2.096976 8.579505
0.164124 -1.947849 8.414175
-3.527779 -5.367743 12.463023
-2.474052 -3.739551 8.882745
2.283008 -4.305559 10.625207
-2.510948 -3.678282 9.120207
2.192914 -3.839439 10.204456
0.031412 -2.386716 8.681919
0.188805 -2.357816 8.727082
0.434177 -2.260381 8.495796
0.030980 -2.089555 8.546025
0.034032 -2.355913 8.580261
0.157616 -2.455890 8.917556
0.032754 -2.174951 8.308873
0.035364 -2.186129 8.955005
0.151217 -2.086005 8.520680
-0.749996 -0.967481 2.848242
-0.798499 -2.179576 7.239096
0.027960 -2.391194 8.722949
0.142614 -2.264494 8.237326
0.029101 -2.407721 9.216147
0.038097 -2.261646 8.249144
0.127452 -2.678492 9.747815
0.037794 -2.019583 8.265463
0.135382 -2.082038 8.495925
0.141865 -2.079597 8.895097
-0.798520 -2.152415 7.136098
0.127105 -2.288775 9.316704
0.054402 -1.841801 7.925274
0.057432 -2.513750 9.311696
-0.048122 -2.024683 7.945102
0.129059 -2.184164 9.032598
-0.005376 -0.933340 2.452704
-0.049506 -0.873036 2.437728
-0.016405 -0.875526 2.454518
-2.742318 -3.293900 16.636322
-0.464871 -0.405060 2.377456
-0.210853 -0.416343 2.508834
-0.290245 -0.363645 2.503251
-0.177574 -0.355851 2.521733
-0.199951 -0.348297 2.513690
-0.281640 -0.340920 2.477880
-0.316893 -0.326302 2.489384
-0.009213 -0.937948 2.431012
-0.015643 -0.870848 2.435634
-0.276065 -0.420752 2.472604
-0.252754 -0.412121 2.476258
-0.207176 -0.392835 2.497852
-0.638700 -0.351210 2.273790
-0.290129 -0.363749 2.507235
-0.222319 -0.360891 2.514073
-0.178509 -0.356922 2.526634
-0.228172 -0.347059 2.503907
-0.283988 -0.341018 2.483899
-0.003166 -0.934055 2.451797
-0.051024 -0.876166 2.440602
-0.051201 -0.843520 2.442000
-0.392927 -0.475698 2.380267
-0.401672 -0.465288 2.385870
-0.227612 -0.478288 2.488610
-0.223912 -0.465321 2.494557
-0.269576 -0.445967 2.462579
-0.255101 -0.413287 2.481706
-0.297637 -0.402534 2.461305
-0.238960 -0.407132 2.481169
-0.228799 -0.399104 2.503714
-0.463384 -0.375435 2.381226
-0.329684 -0.383514 2.460296
-0.634607 -0.349934 2.268097
-0.234173 -0.382712 2.515526
-0.147504 -0.375447 2.514612
-0.156803 -0.376835 2.534956
-0.177778 -0.357470 2.534447
-0.241926 -0.357665 2.555361
-0.019300 -0.874849 2.448079
-0.401643 -0.515524 2.375849
-0.373738 -0.499153 2.377444
-0.392972 -0.476085 2.380346
-0.310669 -0.454270 2.469070
-0.239035 -0.447822 2.481872
-0.456493 -0.401662 2.370308
-0.211992 -0.418761 2.508279
-0.231821 -0.400186 2.509873
-0.212111 -0.396133 2.510804
-0.232594 -0.381149 2.517494
0.405615 -0.399329 2.646006
-0.290814 -0.367715 2.465116
-0.015327 -0.944521 2.446581
-0.003809 -0.935487 2.453046
-0.043853 -0.912786 2.434056
-0.021053 -0.911712 2.447846
-0.049761 -0.870486 2.432555
-0.021321 -0.878010 2.455389
-0.463513 -0.530576 2.320885
-0.396833 -0.473895 2.381242
-0.402861 -0.457006 2.383300
-0.319455 -0.447497 2.431934
-0.285211 -0.440067 2.435663
-0.458048 -0.400558 2.377763
-0.280043 -0.418251 2.489859
-0.253907 -0.411359 2.466414
-0.244941 -0.404843 2.493963
-0.205766 -0.406472 2.516476
-0.043738 -0.911406 2.427490
-0.051146 -0.873361 2.441966
-0.051323 -0.849825 2.451487
-0.023685 -0.851643 2.458565
-0.461786 -0.528870 2.318160
-0.319734 -0.451459 2.434168
-0.351231 -0.429270 2.414719
-0.394550 -0.512120 2.371570
-0.381051 -0.499409 2.387785
-0.220612 -0.488631 2.499152
-0.044739 -0.861773 2.438262
0.657868 -2.579692 4.925055
-4.737944 -4.861052 10.840716
0.890203 -3.359829 6.461105
1.350802 -5.223546 10.555862
0.710493 -3.019302 5.754565
0.549057 -2.194009 4.181840
-2.130760 -11.656123 30.869715
0.802756 -2.580501 5.035756
0.823693 -1.363754 3.976131
0.677840 -1.070950 3.134154
2.557167 -3.876400 11.472930
1.204522 -1.889776 5.519840
0.441550 -0.714800 2.149160
0.847142 -1.406114 4.111742
0.511740 -0.820832 2.400659
1.266015 -1.923501 5.692091
0.884287 -1.418200 4.123675
6.907754 -9.156347 27.545576
1.495130 -2.221014 7.255950
