-5.66214839 -2.98920042 16.11610121
-4.81349014 -3.16879994 16.41630754
-2.00946593 -6.07748039 18.62072690
-5.44534618 -2.89775123 15.74174426
0.25369392 -3.86657117 22.73191445
-1.32305565 -4.69915618 21.68404746
-5.52686141 -6.46363475 16.98725002
-5.54722805 -7.84636848 16.74814340
-4.28338155 -4.00279661 16.59900059
-6.02961821 -8.33594894 16.93399226
-3.59179046 -6.45775705 17.76252518
-1.86046639 -9.06692103 19.75159973
-2.92697392 -3.89049169 19.21173820
-0.23603638 -3.20494879 22.35201121
-2.87510157 -8.65545753 18.75926679
1.24999340 -6.59768636 23.34750600
-2.49062551 -4.50438062 18.57958280
-2.97446703 -5.44587467 18.17101357
-2.43520124 -2.85179928 19.27230442
-4.88485161 -7.99876802 17.90221370
-3.51349350 -4.72322893 16.26411666
-4.39687059 -3.49413432 16.88440773
-4.51308655 -4.09226481 17.47644205
-0.80784582 -12.74760313 22.73959985
-5.83623561 -6.39455179 16.55236627
-3.71638330 -7.53815342 19.33958261
-4.80949497 -9.64526367 17.84741834
-3.73469141 -6.19771754 18.44793510
-1.16178148 -9.25140809 23.20603634
-3.11955744 -3.51895452 19.04025747
-3.54044588 -8.43765838 18.55458414
-1.23482033 -9.43730638 23.60581133
-4.12540122 -6.36567225 17.69776368
-5.79759633 -3.47702075 15.68291307
-3.48097086 -4.97702774 18.55735763
-6.30746565 -4.99551562 15.98217158
-3.57718668 -4.07779747 17.87668198
-4.70878538 -6.53252528 16.56474352
-2.51273223 -7.11035851 18.76158878
-5.09774537 -9.25648667 17.78946384
-4.66127596 -2.71388491 16.73469737
-5.35128055 -3.76646453 15.37646561
0.33156783 -5.30390191 19.21199371
-3.49156399 -6.73977301 18.61614033
0.22848578 -7.10733325 21.50438776
-3.40420959 -8.27444709 20.39397420
-0.49521862 -10.95168994 20.26358179
-4.94594339 -7.26313302 16.98559947
-5.97693986 -8.75198068 16.95931668
-4.79765812 -8.49427320 18.27534072
-2.39042383 -9.43005554 19.35853004
-4.67514108 -7.57985584 17.57572779
-5.73559603 -7.92337019 16.10918908
-4.66118525 -5.82913845 17.44391557
-5.58580718 -3.02275763 16.06129877
0.30404004 -4.60555699 27.18168541
-1.03164901 -3.98385424 18.21764531
-5.56192763 -2.95901951 16.05357593
-4.47731018 -3.06056566 17.09882042
-1.64503518 -5.21153850 20.86606208
-3.09677873 -9.16271359 19.62906616
0.37971349 -4.90007413 16.01136812
-2.98139599 -9.02234283 19.55788521
-4.87425269 -8.67805332 17.44414621
-3.83732157 -2.62085475 17.36784214
-4.28521576 -9.56762769 20.81142898
-3.88002967 -3.11162415 16.55645313
-4.14757215 -3.34632937 15.76155877
-5.03359576 -4.23295210 16.19193686
-6.29671975 -2.66851132 15.38805646
-2.50775731 -7.89758064 17.57232373
-4.11173952 -7.88249356 20.93616272
-5.81086103 -5.15026381 16.01579042
-1.50273140 -11.61125289 28.97518043
-3.18432771 -4.58627687 17.05126043
-5.77459156 -8.46907232 16.41067368
-3.66837222 -7.43559419 19.07222599
-6.18508755 -6.74909202 16.30583674
-3.85557307 -8.00321430 17.56158682
-2.10265570 -6.22010808 20.33411611
-4.22315692 -10.08119489 18.03027028
-5.21531494 -3.71601421 17.07386617
-5.68220219 -3.99290595 16.27797159
-2.55285763 -2.67536836 18.88858105
-4.60908962 -7.56745280 18.26954912
-5.35310984 -7.45309829 16.35312999
-6.19012239 -6.90802676 16.15055204
-2.99262965 -9.58378198 19.96959061
2.15176328 -7.72946927 25.34719788
-2.26851556 -6.45529304 21.10276582
-4.83173394 -3.17827805 16.50544371
-3.62508357 -4.88171506 16.79146810
-4.64610667 -2.82789580 15.68398256
-4.37831705 -2.98260891 16.73540962
-6.25515859 -5.83700029 15.53252512
0.29656500 -4.37692599 25.91602747
-4.31954133 -6.85302521 17.48230204
-4.51277705 -2.77154897 17.01255447
-5.08641355 -8.30310563 17.45972089
-6.01012472 -8.30257533 16.83838430
-2.27359463 -2.67602938 18.08946733
-3.64018249 -6.03185438 17.95185010
-2.94619540 -4.13340232 19.15853594
-3.68868266 -7.66398205 16.84315538
-4.78822803 -6.63805788 16.80907853
-5.09268415 -6.79651914 17.10713112
2.40130957 -8.09140080 27.05798810
-6.25286274 -6.00747529 15.71826967
-5.89722027 -6.61403058 16.52858849
-6.19496665 -6.92067991 16.52065111
-3.25917260 -6.62540033 17.03480815
-2.43828536 -7.55421594 21.65109318
-2.36774105 -10.47850922 20.76062314
-4.99063125 -8.14004687 18.61011019
-4.69314274 -4.28637424 16.87277675
-3.74625860 -4.86794520 17.09181543
-6.21098133 -6.43132417 16.63605094
-4.70825361 -9.02100901 17.43680797
-3.93848320 -4.62422911 17.45142584
-4.13192321 -3.21797824 16.40054929
-5.47467958 -3.90393274 15.85232637
-6.35730650 -3.38885856 15.98607240
-2.82590026 -2.81081760 17.59572996
-3.16330317 -8.47135665 17.92612252
-2.04175598 -3.40574907 18.85324488
-3.54653916 -6.25419641 19.18852023
-3.46342294 -4.52104987 15.87240092
-3.81928910 -7.89674538 19.02253745
-5.47149571 -4.54587068 16.18227993
-3.48971632 -6.26144515 17.23121953
-6.45799428 -3.44355100 16.18783894
-4.57042920 -8.15948563 16.37097081
-5.32436368 -5.82111850 16.71988772
-4.53341237 -5.57589027 16.01569622
-3.68116710 -9.36976971 18.93602569
-5.45217554 -7.65395113 15.66441520
-4.68593708 -5.85950249 17.02600243
-2.92154107 -4.13804913 19.04096203
-3.83401572 -2.85046353 17.89189349
-5.49951006 -2.92774521 16.08454635
-5.99503199 -7.60167392 16.39428048
-3.59657931 -8.05274458 17.58630754
-3.46238816 -3.11837004 17.41115454
-4.24866403 -2.87238725 15.88264355
-3.26385616 -5.48892337 16.60191351
-4.56103512 -7.32848211 16.12444927
-3.94316156 -7.55522868 20.05046484
-2.11812880 -6.01625847 15.86488501
-2.86392232 -6.53861584 18.45790363
-5.45867099 -8.04747183 15.67693175
-4.45341034 -6.57013607 18.02563568
-5.03638417 -6.16856249 17.69147873
-3.43542031 -3.10078718 17.18371354
-2.71544988 -11.30247461 23.62868103
-4.78020079 -7.96284845 16.95351412
-5.27705562 -7.44726199 16.02317264
-5.94504244 -7.73991091 17.18007940
-5.97848303 -6.66292897 15.58148781
-3.59018826 -7.26559952 17.36599074
-3.33830608 -6.91877910 16.72101948
-6.18933363 -6.06453123 15.92895223
-4.01739652 -5.66619561 15.39867094
-5.85785901 -3.47885409 15.35937107
-5.85177000 -8.43404820 16.49829478
-2.17137737 -9.09146103 19.03359954
-6.28998513 -8.02630638 17.43323385
-3.00173556 -6.41045726 22.86714137
-5.06524520 -7.15900103 15.37936177
-4.57874259 -7.39249286 17.08661438
-3.26384232 -6.66244483 13.95015877
-5.63108649 -3.02420908 16.16132044
-4.07564797 -5.68424146 14.46004718
-4.84091158 -2.92191515 16.33603599
-2.72335048 -6.65030182 14.56474837
-2.74701345 -6.61287060 14.61147062
-0.74383008 -7.05331328 15.10825566
-3.46178979 -4.66522674 16.05751062
0.91091351 -4.84982984 17.12839052
-2.59475052 -2.41845823 17.33073836
-2.89174440 -5.62001653 14.94847238
-4.82891146 -5.48501562 14.07004878
-0.54323201 -7.56641897 14.93980578
-2.99033148 -6.13465892 14.73695396
-4.73961523 -3.11565567 16.17991813
-3.58849976 -5.21791963 14.92989584
0.19926935 -3.04937078 17.71754298
-0.62795859 -4.27932292 16.83075423
-0.31621992 -2.83092893 17.54616796
-4.45350292 -4.06502814 16.03844277
-1.67429511 -5.02184030 16.49010390
-1.15582604 -7.46857910 14.64493479
-0.15623696 -5.77854975 16.70537796
-4.53845832 -6.25551748 13.75237766
-2.55047539 -5.97279692 15.16653142
-4.56013441 -2.65249769 16.37698758
-2.08388454 -5.80425761 15.63548489
-0.11648338 -7.70242587 15.02442718
-1.76824208 -5.47508315 16.86805211
-4.15581072 -5.88044775 13.80991327
-3.19347788 -5.85821887 15.16166725
0.68496921 -5.82069109 16.66852427
-4.10467675 -3.84498550 15.95283274
-1.75649489 -5.50325035 15.80706679
-2.57939192 -3.28102517 16.48440017
-3.74977231 -6.73995659 13.61674021
-3.99395997 -3.65629675 15.88790727
-0.06653099 -4.57465949 17.12604644
-2.54390592 -6.86934968 14.60482807
-2.24553762 -4.83885895 16.02523337
-5.24148602 -4.17443186 15.39243596
-3.43970805 -6.03220947 14.49108005
-2.51957037 -3.55509277 16.55200340
-4.83383569 -4.50169845 15.61284583
-2.83830001 -5.91429012 15.33370454
-2.13726050 -6.85885971 14.27794247
-2.14557192 -2.52704692 17.04504935
-2.60958996 -6.92701425 14.21467965
-3.67069274 -5.87235086 15.08071076
-4.07191995 -4.21945755 16.29220692
-3.46736445 -7.03217513 13.12769177
-4.29396764 -5.78421276 14.62892839
-2.35509491 -5.97488775 15.25045351
-3.32388683 -2.99894104 16.80347167
-2.81922911 -6.81967270 14.25356591
-2.60023654 -5.86759723 15.02618457
-4.11358541 -3.85689811 15.99960316
-4.18226019 -6.19833299 13.51526410
1.55952904 -5.34086602 17.77626314
-3.23251843 -6.59402243 13.80376169
-3.98948485 -6.60026147 13.95346088
-4.32526623 -2.95568340 16.51509258
0.19735896 -3.00814508 17.46611028
-4.57986824 -2.67279692 16.44093173
-0.61221084 -4.26045862 16.75064905
-3.64608580 -2.74263224 16.99228271
-4.16444534 -5.61538720 14.17485187
-3.13757109 -5.60316237 15.21966979
-2.82835580 -2.54620626 16.81455411
-4.15798470 -5.15870569 14.79325690
-2.50625174 -6.16922543 15.25567337
-4.27887306 -6.11002034 13.11786228
-1.74124704 -5.48627354 15.73701156
-3.93463677 -5.62136430 14.74206707
-0.74340347 -7.02819844 15.04773484
-3.51510125 -4.74447722 16.34617070
-3.08999701 -6.46634109 14.25610996
-1.51153087 -4.96461451 16.23633195
-2.54615243 -6.24545367 13.96627204
-2.15725367 -4.64461555 16.55133265
-2.29901745 -4.28445067 16.36729852
-2.67396512 -6.44699919 14.25138457
-1.69616006 -6.79088021 14.98786099
-3.58180663 -4.20571432 16.17684604
-3.69260139 -6.11779379 14.82345233
0.89158251 -4.79940421 16.89466577
-2.57675983 -6.75657082 14.60214775
-2.23294289 -4.42438150 16.34901040
-3.50941229 -6.15355181 14.77311061
-3.03849072 -6.21553078 14.92394615
-2.86198903 -6.01430901 14.53523283
-3.73595877 -6.10888544 14.22570856
-3.45352534 -6.22576141 14.69047112
-0.00825055 -2.89990573 17.78405545
-3.62890867 -4.36975699 16.31406466
-0.65941622 -7.18923509 15.40932080
-4.04062669 -5.51144448 15.12990632
-1.78862416 -2.79646311 17.02287140
-4.00402093 -6.20870821 13.71233832
-3.09835650 -4.83607719 15.96048118
-4.02031563 -4.01402800 16.29146036
-3.84035133 -3.20798779 16.33251458
-2.42529196 -3.26022666 16.87735882
-3.13816362 -5.24275533 15.61212445
-4.24359929 -6.27917456 13.69218048
-3.34515505 -3.00912082 16.89147456
-3.32538501 -6.27043906 14.07199554
-2.55126699 -3.62883414 16.73480382
-3.76569644 -6.15770989 14.34483503
-4.18824277 -5.23002955 14.73948021
-3.33742161 -5.33979982 15.11424702
-4.95327808 -3.54404909 16.03725409
-4.39960032 -3.47040565 16.87461221
-4.23145711 -5.93161221 14.16800711
-1.61652064 -6.84367567 14.46284284
-4.20795872 -5.21917308 14.95690885
-3.45845123 -5.44903202 14.78696314
-2.53465412 -6.84811801 14.55689782
-4.16112347 -5.61787387 14.16387528
-5.09436161 -3.11613915 16.22451238
-4.44120484 -2.62350583 16.36787153
-3.86979569 -3.22926900 16.46671846
-3.89998206 -3.64627125 16.15502801
-3.45499998 -6.67413180 13.02136251
-3.88087793 -5.83869246 14.76744995
-3.58068506 -6.36971851 14.23713045
-3.45061646 -6.22351156 14.45512306
-3.85671032 -5.95104151 14.41485419
-3.83855444 -6.24123818 14.54203486
-4.44355137 -5.86867368 13.33075095
-3.63187805 -6.48117212 14.23861567
-0.56981305 -7.00043394 15.15170005
-2.44357760 -2.86311724 16.42010491
-3.64325283 -6.55300870 13.56171684
-2.93924721 -4.37968026 16.37494747
-4.31229963 -6.10303431 14.35569009
-3.12395986 -5.46501958 15.37764902
-4.37396861 -2.97187171 16.71608771
-2.44648223 -2.97593129 16.87159583
-4.34624799 -6.24061326 12.93122743
-0.72087675 -3.92945368 16.73875472
-2.93568461 -5.70316609 15.18165399
-2.74663221 -6.17547196 15.81827876
-2.47607097 -5.94731498 15.24889022
-3.18586194 -5.31406969 15.81874133
-4.87850815 -3.60657532 16.16804902
-4.76285888 -3.29909145 16.08698392
-4.94538602 -4.14107066 15.94715966
-3.63545205 -6.64040306 13.88596271
-2.28196158 -4.53092585 16.83217188
-4.67893761 -3.49559441 15.91584660
-0.73129707 -7.10645316 15.13067357
-2.37572934 -7.35757774 14.34272441
-4.26207160 -3.37164945 16.29273813
-4.09732536 -5.92408608 15.37593057
-4.64259161 -4.32059134 16.38479529
-3.90684441 -6.44140284 13.64464011
-5.15429323 -3.14338897 16.38873673
-1.81476496 -5.71230016 16.44991864
-4.27093146 -2.91259402 16.31293252
-4.54101073 -3.90574188 16.02009906
-4.50070561 -5.74816121 13.88636622
-4.59922329 -3.37577351 16.32706968
-2.52381677 -5.45466058 16.11756186
-4.13917136 -6.28413658 13.26854435
-3.90249938 -6.43276172 13.59135386
-4.08938898 -5.69695524 14.45084417
-1.78233713 -5.62782356 16.15891422
-3.74293403 -4.89009671 15.95343512
-2.59568391 -3.69393850 16.95945239
-3.68774798 -5.81847497 15.72977518
-4.41798061 -3.49223238 16.89153498
-1.79379553 -5.67344487 16.32525941
-2.69276033 -5.48874193 13.10950403
-0.43593414 -9.20494392 17.37822216
0.02837992 -2.55795373 13.98363768
-2.14035388 -2.22523915 12.39498703
-2.30826231 -3.45371854 12.46802893
-0.64998093 -6.87501381 15.90974983
-2.64516036 -5.49910628 13.19460782
-1.54981477 -3.88159490 13.24236773
-2.91275029 -5.61828027 13.08773410
-2.52427323 -5.12563082 13.05975978
-3.14895965 -6.40328359 13.40564429
-2.68151561 -3.65794081 12.19746513
-1.25513740 -3.77920079 13.54552100
-0.76775267 -4.89375974 14.51209889
-2.52736179 -6.67694903 13.71155146
-0.52981141 -3.14603564 14.31954397
0.33635570 -4.76414908 15.48398140
1.97474532 -7.34036310 18.14812071
-0.92746341 -3.20550427 13.60017241
-0.32934274 -9.27777887 17.38049688
-0.30177257 -9.63234243 17.94125906
-1.84943759 -5.07931113 13.34324013
-2.70465559 -3.25509223 12.12352285
-1.64908219 -2.91016115 12.70521851
-0.91782348 -3.04000158 13.29142517
-1.99547064 -2.83594498 12.49336394
0.04109552 -2.43219034 13.97171325
-2.22209068 -5.39720417 13.25594972
-1.85114845 -4.47045762 12.96949879
-0.36755011 -3.69731901 14.36784918
-3.02707690 -4.93231270 12.61525308
-2.36693790 -4.20896523 12.65711892
1.50448220 -5.42498457 16.58346582
0.70084664 -4.14328894 15.34676302
-1.74305864 -7.10973082 14.94952144
1.62671275 -6.11957070 17.37681663
-1.89901674 -5.91733371 13.99268059
-2.16793518 -6.42361934 13.82909285
-2.12736115 -6.38188751 14.14027989
-3.00981882 -4.74363856 12.75603082
-2.12001237 -6.41727556 13.95788552
-2.77053366 -5.02823176 12.74049780
1.49482642 -5.97934044 16.74228370
-2.25968265 -5.22653899 13.17106338
-0.32022992 -9.45554243 17.72412291
0.92669508 -5.07089570 16.10098939
-1.32978548 -4.18392374 13.42441362
-1.74929485 -6.57576168 14.38172295
-2.73612771 -4.98619337 12.78702458
-0.94053926 -8.51560109 16.46590507
-2.39170407 -5.07964780 12.93869280
1.47773788 -2.78405541 15.25263447
-2.11906620 -6.78183019 14.10866999
-2.41620585 -6.48289723 13.76983640
-2.77647472 -6.12997593 13.53947803
-1.81555643 -2.53980530 12.40739848
-0.60508030 -3.68845409 14.12634599
-2.55989642 -3.28176708 12.29758941
-1.89004756 -2.57121581 12.42405154
2.05872636 -3.80721400 16.49682677
1.42627693 -5.04622956 16.69551269
-2.73368371 -6.63509356 13.59363743
-2.30900938 -2.63857552 12.26170372
-2.06438499 -6.32721755 13.87274370
-2.55022506 -4.90464471 12.91292051
-0.68569112 -3.37137616 13.89517957
-2.08079607 -6.25208649 13.84218626
-1.79350251 -3.23153174 12.77362395
-2.18867086 -3.21220633 12.54404286
-2.09392751 -6.34618468 13.80075797
-2.50554361 -5.08722879 12.97721828
-2.19566605 -6.50088999 13.99149005
-1.99572254 -2.86483606 12.49929280
-2.64356043 -6.76621618 13.77074126
-2.30312908 -3.43745929 12.39755458
-1.84703364 -2.88991305 12.73430534
-2.33205025 -2.53980525 11.99899789
-1.94696124 -2.87497225 12.51318733
-2.75672337 -6.16043017 13.45969953
-1.32032923 -3.36203770 13.28264739
-2.46933379 -6.63167056 14.09340931
-2.42685567 -5.15228151 13.15597753
-2.14090761 -3.15765895 12.27233171
-2.79224854 -5.06243461 12.79677948
-2.78261061 -6.19790437 13.55149680
-2.33401185 -6.11588526 13.63177055
-1.98014866 -2.84600006 12.34389696
-0.68529575 -3.37095528 13.98349648
17.43102264 -9.73671820 28.92600981
1.98058275 -2.18339442 5.79013369
2.97946201 -2.58460442 7.38240989
4.97816118 -3.40619814 10.64892633
12.13672704 -6.22796797 21.88714020
8.26011924 -4.48545648 15.10350175
5.80664251 -3.68254314 11.96225913
8.08880887 -4.59535679 15.67246191
1.05938400 -1.76170835 4.16500655
1.69587500 -2.00838278 5.19832377
0.41363449 -1.46584498 2.95118027
12.03870722 -5.86328878 21.04122122
15.79425357 -5.32413691 26.18773842
13.99387846 -4.84106621 23.64974566
12.92120712 -4.44855273 21.79881609
13.03488774 -3.97590241 22.03262060
51.54209658 -12.76134675 91.14477085
33.87856960 -8.53365930 58.38567851
13.30592600 -3.92263560 22.58165953
37.80209238 -9.18248154 64.59942979
43.49335649 -10.10655323 73.99308837
47.09574620 -10.72817052 79.04113282
19.84634271 -5.17544688 34.07372699
17.81439950 -4.64620467 29.74539794
21.43029188 -5.52111454 37.61892032
20.06834510 -5.00391827 33.96396562
60.21056876 -12.73731068 101.35797474
7.46419247 -6.77511422 15.16112234
8.89784464 -5.60892264 15.87475696
18.25223999 -10.00282131 30.03980268
14.80557771 -8.38321949 24.98010233
5.59004539 -4.22385554 11.79742319
1.52563345 -1.97468233 4.93391620
1.71698415 -2.06669002 5.31709912
3.14525562 -2.63401961 7.56446636
5.55779851 -3.61529237 11.51077387
1.68027643 -2.01672413 5.16286622
5.75811490 -3.69590308 11.92624620
4.32100890 -3.06451393 9.42696733
7.61772181 -4.32803732 14.51594546
8.83300358 -4.59960283 15.90211941
67.25405171 -16.48900121 115.64374691
138.28921179 -33.68866828 246.74076648
53.94868056 -13.03179876 91.82639247
59.20664342 -14.31926078 102.80258198
174.97381456 -38.74721092 305.02194287
7.69442580 -7.00503381 15.54825345
1.83151486 -2.11055607 5.46950607
5.61024380 -3.67019369 11.68560043
8.15694124 -4.50661393 14.93738019
6.98583656 -4.21164397 13.99288462
1.70114382 -2.03339429 5.24389082
1.24453360 -1.84225917 4.48871292
0.77471693 -1.63284103 3.63993182
13.27750410 -6.42306233 23.38896678
209.17439385 -53.38056641 371.29133103
3.25552240 -2.85401160 7.95621018
2.84211601 -2.58395921 7.26965524
1.42851235 -1.93404345 4.80300933
3.70568362 -2.86394788 8.48942772
6.75258290 -4.02301592 13.16416890
4.21205000 -3.07293395 9.46369000
0.93447289 -1.70010823 3.92036198
1.03237134 -1.73979803 4.12115116
0.07074825 -1.33293096 2.40961535
19.97511004 -7.12495679 34.93435220
139.62249800 -42.91140254 241.47794577
77.34402914 -23.89981364 132.10547105
6.14193722 -4.76451937 12.76651773
3.31381614 -3.07766289 8.10841432
2.81659812 -2.65963317 7.21644512
1.41281052 -1.91259993 4.76923446
0.26773426 -1.41288162 2.74966994
0.77719466 -1.61915424 3.62643717
6.83960759 -4.92677298 14.08417669
1.44861844 -1.95470285 4.82218338
0.91900867 -1.70814478 3.91034316
8.63047886 -3.42191279 14.46942502
8.90583968 -2.90884634 15.29337357
8.28888471 -3.07943091 16.68618115
8.60632922 -2.76178920 17.93943294
9.01404884 -2.93783162 15.00612418
8.85447698 -2.75566754 17.18061603
8.88543612 -3.00767213 15.41266952
9.12058733 -2.67193367 15.83912110
9.00080311 -2.69824720 15.94692478
8.67583374 -2.98934385 15.19288563
6.66751403 -2.88847457 10.93085938
8.47017735 -2.76920355 16.31732587
8.23530555 -3.21549397 16.96325193
9.01768265 -2.77745746 16.13291732
9.06344497 -2.79309893 16.33917230
8.72712206 -2.79626014 16.21490938
8.54554598 -2.79977240 16.12758121
6.68669642 -2.95347213 11.01059615
8.90387565 -3.00374752 15.13868815
6.49358903 -2.96189771 10.75408077
9.48479996 -2.81289997 15.35242697
6.72114049 -2.95532882 10.55577098
9.14043422 -2.88445679 15.54881088
6.47403235 -2.99340149 10.72621916
9.03715819 -2.84599979 14.92608253
8.83045021 -2.90649052 15.45825511
8.35992848 -2.94375447 15.78366269
8.62194723 -3.07536224 15.16803084
7.97731024 -3.03618228 16.66406532
8.41897107 -3.24918579 14.03993336
8.55527949 -3.31558718 14.39163056
8.77662956 -3.11163893 15.30812034
8.58468302 -3.28895926 14.43523696
5.80748280 -3.50059295 11.31174921
5.76237320 -3.54376498 11.50872333
5.57535604 -3.57113427 11.50305412
6.26011234 -3.38679665 10.42678380
8.60907096 -3.10536928 14.56315461
6.39666847 -3.42905177 10.09609588
8.98228114 -2.98883170 14.98719799
8.82496219 -2.92256116 16.33157775
9.08877739 -3.07090941 15.01753452
7.10142466 -3.03734362 10.97696826
8.01316201 -3.23047192 16.83373823
8.66573451 -3.26606846 14.60910216
8.69524301 -3.17734580 14.54112782
6.05541659 -3.63833213 11.91024509
8.40604796 -3.12537766 14.35136602
8.77891514 -2.89613447 16.12335954
8.79690390 -2.77044925 16.89123912
8.61807031 -3.25803974 14.54679824
8.54176292 -3.32254884 14.36955451
8.62512673 -3.36974518 14.42112878
8.90575695 -3.01659257 15.43786053
8.34739914 -3.22162314 17.14325574
6.81127047 -2.78266042 10.68544009
8.21331319 -3.10779397 14.40254289
8.55339950 -3.22710808 14.35521282
8.79917478 -3.20090765 14.67280041
6.67088806 -2.94926512 10.98879832
6.39066842 -3.68810380 12.21988713
8.41769757 -3.69822167 12.20016650
5.88815130 -3.64870764 11.72806547
7.91308113 -3.71197742 11.45391065
6.58524575 -3.16247228 10.36815503
6.35261969 -3.41965727 10.04570894
8.18656194 -3.11999254 16.81176367
8.96792410 -2.89481121 15.24074360
8.26868283 -3.10696414 17.24097062
8.25405492 -3.07221494 16.98131320
8.85576624 -3.06240298 16.84405378
8.73792616 -2.98195005 16.23285602
8.41342638 -2.86453841 15.25275108
9.08107526 -2.90196238 15.77628342
8.40965797 -2.90591807 16.11272220
8.73992871 -2.80975098 15.80011737
8.55453031 -2.70532239 15.03139541
8.39571454 -2.87210288 16.82880418
8.56745114 -2.81410776 16.99500868
8.45569949 -2.80342343 16.98088254
8.95647141 -2.83995724 14.47286942
6.11616151 -3.65682165 11.98850264
8.55764799 -3.35917942 14.33300216
8.51263041 -3.40822747 14.30356465
7.52032230 -3.47317844 11.22675739
8.50457992 -2.90782743 16.22867062
9.15811902 -2.99360434 16.37786820
8.75987827 -2.93250754 15.66949349
9.33593413 -2.92004182 15.36863961
8.92695747 -2.98530167 15.69386019
8.90146371 -2.92419347 14.83507900
8.81167600 -3.01063309 14.95274220
8.59172402 -3.04864038 14.92577851
8.58757852 -3.09020442 14.54449834
8.49899690 -3.15956693 14.82427169
8.64326343 -3.20797666 14.82577448
8.35025343 -3.24206814 14.15594592
7.07500074 -3.76182940 14.95905810
6.63633721 -3.43781136 10.86423061
8.61515882 -3.43800447 12.31744951
9.38016574 -2.92867376 15.87184105
8.26433520 -2.91027906 16.70499897
9.20853407 -2.80074191 15.62436626
6.93746322 -4.10897355 14.27322609
9.25027018 -2.92779105 16.77403063
8.96080440 -3.09378441 15.09873801
9.04105962 -3.10727289 14.96108257
8.63695404 -3.31000652 14.57135368
8.49511306 -3.42018564 14.27048090
7.30544647 -3.82570584 15.32126078
8.26944000 -3.56231813 12.16329386
8.93228995 -3.82075023 13.00709931
7.94618685 -3.71658520 11.66662495
8.88847435 -3.01262116 15.14957069
9.02308301 -2.98773037 15.66722505
8.93395079 -2.91736888 15.26936190
8.87635289 -2.94957393 15.83049426
8.55668917 -3.13370727 14.74822377
6.12262820 -4.49695480 12.63640016
7.63688528 -3.81991820 12.52485555
8.49534112 -3.47479148 15.47315605
6.09782677 -4.73739943 12.88202316
7.08334649 -4.02603669 14.46864220
7.05823869 -3.87736242 14.43193976
7.22586986 -3.81673961 15.12358994
7.28943692 -3.34640401 13.52608756
7.10561934 -4.02895992 14.50517547
1.16771383 -1.64960427 5.19393551
1.96447507 -1.60266491 5.20454983
1.39124460 -1.71578939 5.16778603
1.06136940 -1.64816226 5.17887091
1.97545945 -1.58191915 5.16595353
2.00846119 -1.57169442 5.19477603
0.73716867 -1.61144030 5.15041647
1.29246179 -1.71058925 5.17027092
0.97666006 -1.71086569 5.15824515
1.14221649 -1.69517069 5.14824637
1.60004465 -1.06636480 5.26539630
1.01432784 -1.70038253 5.17731132
0.85241184 -1.63022506 5.17705715
1.23100414 -1.77551837 5.14975560
1.59308516 -1.09670220 5.28038168
1.23900636 -1.70360190 5.17549886
1.21784568 -1.77276385 5.16097463
1.10637083 -1.12538753 5.30859937
0.86177254 -1.13256164 5.33454932
1.17602669 -1.70046209 5.16749899
0.97610716 -1.71172869 5.15709414
1.02893356 -1.64621691 5.10777415
1.62321528 -1.06856661 5.30700943
0.72501958 -1.57326276 5.18584260
0.75059580 -1.61645917 5.17952433
0.93760289 -1.61803969 5.20477338
0.76034952 -1.63260151 5.16641430
2.00590729 -1.57002590 5.19041201
1.20161332 -1.77190613 5.13069661
1.20301738 -1.63319461 5.19625359
1.98236632 -1.59811938 5.17119713
1.18786600 -1.65462733 5.22977113
1.05710669 -1.65057890 5.17205455
0.75877738 -1.66915091 5.14238354
1.09230510 -1.70549217 5.26075730
1.00550919 -1.69781055 5.15667851
1.14713542 -1.69815958 5.16242797
2.01306320 -1.57184089 5.20229160
1.16637816 -1.65071626 5.20232682
0.76276788 -1.66925144 5.14895614
0.72483059 -1.57382759 5.18534153
0.75964243 -1.67559826 5.14150923
0.73512780 -1.61915896 5.14603169
1.21896469 -1.67407670 5.20058247
1.05215880 -1.69718121 5.16894106
0.97435257 -1.69883752 5.15261510
1.27015923 -1.69801433 5.21075203
1.14705813 -1.69957564 5.17825826
0.97249641 -1.69183762 5.07998472
0.90273625 -1.72116336 5.15362192
0.80269065 -1.73204821 5.13894463
1.43868386 -1.71614395 5.22523633
1.52886589 -1.09564147 5.30337641
1.49703465 -1.60298189 5.26162330
1.26751966 -1.69581108 5.20489682
1.37291353 -1.70821504 5.11281483
1.44884040 -1.59940195 5.19318903
1.09150171 -1.66960650 5.27540641
0.85048732 -1.66664010 5.15980716
1.46896591 -1.66981059 5.18670423
1.15550181 -1.70139836 5.21576803
1.07675057 -1.70077229 5.18377207
0.84255143 -1.67271522 5.14075407
0.15073235 0.24889194 7.19015640
2.57272362 0.86673327 6.17888783
1.83816330 0.84596997 6.50005472
1.27228021 -0.36421323 6.46039268
1.48656854 -0.34553844 6.44260080
2.10515166 0.25021623 6.26534980
0.19958107 0.26097111 7.09991157
2.46029452 0.85942394 6.24790745
1.43569425 0.23615537 6.60397880
1.41602854 0.22388075 6.48671348
2.75453675 0.91605249 6.13567760
2.36397647 0.76931175 6.27712625
1.40847674 0.29532959 6.64445551
1.00294083 -0.03317179 6.56806377
1.44135251 0.29093169 6.57290103
0.85838288 0.81033690 6.94104443
1.05809618 0.85232883 6.78411879
1.17052420 0.60663767 6.68965253
1.89459357 0.01954610 6.37203016
1.05739527 0.80356492 6.83099803
0.98976824 0.79189059 6.81557175
1.37041672 0.63233317 6.65909204
1.89267642 0.86343370 6.49965483
0.95985171 0.27607690 6.71607343
2.65235043 0.46060198 6.02744959
1.37208965 0.63407328 6.57193872
2.36865052 0.84728861 6.37757688
2.25078175 -0.04304296 6.15354814
1.50194834 0.16097243 6.51347757
2.73607117 0.74902202 6.04066279
-0.61147009 0.60310272 7.51268381
2.52136781 0.74269975 6.13665668
0.00248276 -0.38618419 7.10800122
2.48265349 0.81262519 6.18386439
2.37225773 0.36851601 6.39917025
2.26934756 0.34158556 6.27413715
2.12009753 -0.05130381 6.25358989
1.35327756 0.09687554 6.56849012
1.42766059 0.08900151 6.49887404
2.65524320 0.44543701 6.07673411
1.58736541 0.25217130 6.43122497
2.10915305 0.12143547 6.26706854
0.78994658 0.23825844 6.74404690
2.79339794 0.55781050 6.07671374
0.27114896 0.68487078 7.09900063
1.78911295 -0.26685542 6.35934298
2.35516248 0.81611824 6.35552354
2.26090812 -0.05947082 6.18840405
1.48992004 -0.32331725 6.39423787
1.14540120 0.92596892 6.75490849
1.51843900 0.14917947 6.53315270
0.10612828 0.14295229 7.06409054
-0.33701602 0.73383003 7.42830777
2.65918370 0.81345106 6.19694024
1.11657109 0.19691283 6.68885951
1.67078696 -1.71334198 6.06817232
2.80876548 0.57984400 6.02670500
2.37541588 0.35962135 6.23022022
0.66381821 -0.24750868 6.82292632
1.48831827 0.31810344 6.56075204
2.08672116 -0.05073407 6.30372808
1.21187347 0.53581250 6.72832481
1.56394756 0.17264569 6.47663543
0.72878029 0.23561736 6.85141690
0.93731770 -0.34717180 6.62482756
0.17072769 0.15716226 7.13302338
1.09539418 -0.33181015 6.62901024
1.36876233 0.58828182 6.61001229
-1.25472247 0.13692573 7.65687849
1.36825895 0.71544265 6.65373036
-0.25942821 -0.34327980 7.11632446
0.58100387 0.77945488 6.96691504
0.63583412 -0.41182299 6.70084954
0.60647057 0.73576554 6.95584911
0.94355097 -0.38995702 6.71336853
1.11445155 0.39573131 6.74447130
1.26244028 0.89835330 6.73090202
-0.81523151 0.04364110 7.50080712
1.47754406 -0.39492530 6.38342421
2.11890467 0.08288235 6.32258926
0.58519869 0.42923717 6.92566219
1.48629413 -0.34784944 6.44783218
0.12465281 0.13514878 7.00350685
1.20497781 0.57051778 6.61429293
0.79979685 0.20458059 6.80675754
1.34994874 0.22378866 6.52842066
0.16785804 0.14755852 7.11171579
1.36849222 0.57667515 6.65851454
1.59604789 0.24992413 6.45363814
2.39194961 0.77395878 6.31198779
1.45502522 0.26743905 6.61042008
0.46176496 0.12215631 6.86734505
0.11287420 0.21322727 7.11824683
2.52314319 0.87365233 6.22846239
0.17097668 0.12570076 7.12482859
1.30417926 -0.28602933 6.50920934
2.11339799 0.11902019 6.28217184
1.43263952 0.07861598 6.47946085
2.67191092 0.77037376 6.07906197
1.54110319 0.15381709 6.57081037
1.20421852 0.52926658 6.72797528
2.11022398 -0.10912922 6.25600992
1.40137688 0.74628409 6.63486525
2.34906035 0.78618195 6.31150266
1.49589653 -0.32463022 6.40023344
-0.32824379 0.73649274 7.45792936
2.70225855 0.54342263 6.07246324
2.62142624 0.54664231 6.14606374
2.38418860 0.80323553 6.27604596
1.78765304 -0.26652744 6.34275232
0.41575753 -0.25520141 6.80472194
1.24019538 -0.30168017 6.49664194
1.40083101 0.28679369 6.60667654
1.42154852 0.27891308 6.52790874
2.72936432 0.50976756 6.01967674
1.89982107 0.01571657 6.37248849
1.86236882 0.04383148 6.39812913
0.94571924 -0.34647574 6.64009803
1.08664885 -0.33547593 6.61858856
1.57768707 0.17316353 6.48732512
1.37196770 0.14606693 6.58634040
2.73098862 0.50304550 6.10868327
2.39154678 0.85861851 6.40375213
1.15183361 -1.71738832 6.22942276
0.15891059 0.24618083 7.09864843
0.81955155 0.26630631 6.80968492
1.36200958 0.12069020 6.58406165
1.36199902 0.61428691 6.69622939
0.29459706 0.86314645 7.17053346
-0.45576245 -0.08012115 7.34812251
1.49740119 0.34038556 6.63963761
0.96417097 -0.09717861 6.65345282
0.80144718 -0.10740796 6.70875361
1.89500361 0.87887078 6.46250076
1.38637407 0.63731554 6.59583229
1.37358784 0.64974046 6.67235020
0.25739650 0.84943727 7.20022165
1.10838197 -0.26899723 6.62629200
-0.32373913 0.58116623 7.31900203
1.48735281 -0.39209503 6.40230350
0.36476018 -0.31318003 6.95124217
0.11001890 -0.33208128 7.01898147
-1.01525790 0.25805045 7.57541236
1.53084020 0.12202207 6.54622060
1.56908005 -0.34016238 6.57344232
1.16707311 0.60184162 6.68228283
1.10551956 0.18861738 6.67019847
1.38963888 0.31160273 6.52624510
0.17008717 -0.40967012 6.98973619
0.60462454 0.43375724 6.95697694
0.26998210 0.68734419 7.11206600
1.72789427 0.14672176 6.43239551
0.92452370 -0.39832888 6.65948977
-0.47682843 -0.09608463 7.33798152
-0.42010321 -0.09361889 7.29790455
2.37302280 0.09598766 6.44501783
0.71068481 -0.19363008 6.86778041
0.63370834 0.41780450 6.94213151
-0.41118462 -0.01988607 7.42574428
0.59031163 0.22676813 6.90782927
2.07015227 -0.05332893 6.26845404
1.55055229 0.27482754 6.46809355
1.41128168 0.29197320 6.61255401
-1.26555358 0.13866365 7.68623054
1.49323000 -0.34989951 6.37360244
1.76961903 -0.26949494 6.30434166
0.80495511 -0.10569878 6.71486086
1.31500674 0.55258529 6.62434818
0.14066643 0.24106533 7.05247661
1.37400025 0.55248620 6.58099526
0.35349795 -0.31847626 6.91926741
2.13415407 0.26679068 6.29292472
2.17769279 -0.07403592 6.15346387
1.38026095 0.23319146 6.59359339
2.72370044 0.78001004 6.16740959
2.59878541 0.75317908 6.08790447
-0.15233502 -0.12268092 7.17993960
-0.09250726 -0.26067579 7.10359225
1.44246951 0.08917298 6.50556947
1.48777431 -0.39297609 6.39073537
0.66948772 0.73163174 6.94796806
0.94923458 0.70079412 6.77408935
2.35886939 0.82786278 6.26093652
2.35058539 0.79171165 6.32017998
0.06721894 -0.29506320 6.98702597
-1.21900535 0.24768681 7.65791191
-1.00759610 0.26218426 7.60780081
0.60817085 0.79810352 7.01961003
1.12382107 0.20104891 6.74007179
-0.32632547 0.58828073 7.35049863
0.12465281 0.13514878 7.00350685
2.40122477 0.74126732 6.23251170
1.38104553 0.18863300 6.53438707
0.40968389 0.05388034 6.93459022
1.38016944 0.63925328 6.59709487
1.16624583 -0.25309185 6.63134810
2.54152375 0.47907880 6.15391169
-0.25331261 -0.34651248 7.11036480
2.15372138 -0.14585518 6.25299175
2.10674213 0.29607982 6.28529469
1.01340739 -0.03197373 6.58402065
2.63307853 0.44806281 6.10115253
2.27129875 0.09159773 6.33753261
0.60096653 0.43082824 6.98034430
1.14883114 -0.27776256 6.61538894
2.70720455 0.50552760 6.01285794
1.29224849 -0.28631310 6.48951619
-0.41261141 -0.01875928 7.42014045
2.55463285 0.73433649 6.14462421
0.39721965 -0.40491069 6.88104133
2.21766596 0.15040052 6.42001963
0.59594755 0.71207592 6.95788972
-0.20676082 0.01443374 7.30040832
-1.35020598 0.10942824 7.62201307
1.60171888 -0.01164216 6.45198965
-0.39334629 0.52322643 7.37710987
-0.45032205 -0.12354621 7.32379953
0.57599131 0.71200698 7.02595272
2.70138432 0.77173573 6.14361435
0.44884205 -0.24553591 6.88047387
1.88470872 0.08550246 6.45793465
0.37833894 -0.33533824 6.86894718
1.32164630 -0.31516102 6.51082252
-1.00021434 0.25840850 7.59841299
2.16252513 -0.16268875 6.15986101
1.53732305 0.13268902 6.57586362
1.41571285 0.32591734 6.56642941
-0.40011538 -0.02673918 7.36628967
1.38711272 0.55795575 6.60544534
1.59021158 0.16984902 6.48814716
0.24565814 0.28652478 7.23713063
1.15101448 0.17187830 6.72988066
0.57706868 0.42383997 6.93711240
1.25103070 -0.04255656 6.55418314
1.78862048 -0.26439023 6.33664174
1.49012292 -0.34962061 6.50188788
1.21103353 -0.28633089 6.47977433
1.12344716 0.50901428 6.66696006
2.64917767 0.55430915 6.13578656
1.15864773 -0.25910763 6.61319246
1.38946140 0.26274830 6.61189280
1.09158730 -0.27593152 6.58105883
1.18172831 -0.26906777 6.59534043
2.14122757 0.26858405 6.30179259
2.26639372 -0.03614237 6.17995308
-1.34153804 0.12054061 7.70106984
1.09646345 0.70622227 6.72795112
1.46865707 -0.39146397 6.35272465
1.35852531 0.68655211 6.53079386
1.46121577 0.09391031 6.53410301
0.18490481 0.65543181 7.12983476
0.10305051 0.15453497 7.08382336
1.43515350 0.22055509 6.50638171
1.15038369 0.16652941 6.60513784
1.18420532 -0.33362234 6.60032673
0.83889178 0.21640691 6.77762972
-0.54738116 0.00521541 7.41902492
-0.31924106 0.60606450 7.39490933
1.27015635 0.20467531 6.56975689
0.94502255 0.39357965 6.75099953
1.10119705 0.39090329 6.72526414
1.15805534 -0.00936837 6.57834332
0.43421288 0.00853193 6.87794122
1.39810378 0.19624933 6.57448751
2.09881175 0.69504722 6.49670250
1.23221819 -0.30937919 6.63868586
1.31853285 -0.31318109 6.50466476
1.11219900 0.16303651 6.66249080
1.54157639 0.24026796 6.40449692
0.48494490 0.13424635 6.93254269
0.39476314 -0.39621189 6.87114352
0.91172659 -0.38622018 6.65385885
-0.28421605 0.19733450 7.32362852
1.17121756 -1.70092878 6.26087272
1.69616308 0.14582099 6.44079650
-0.14943263 -0.11118292 7.20865758
1.42512371 0.23567408 6.59729179
0.96884172 -0.34677476 6.67285905
1.37679686 0.22862839 6.61346315
1.59160329 0.22490894 6.52587346
0.38019462 0.03778635 6.91830104
1.09567744 -0.27510331 6.59310952
1.48989730 -0.31353703 6.50447258
-0.99145677 0.26847496 7.63678766
2.57019697 0.48497270 6.17019646
1.38772216 0.26611757 6.64219379
2.17315115 -0.15152045 6.19087835
1.29544112 0.48905040 6.58668476
1.31633260 0.56790802 6.64394369
0.88905070 0.23175313 6.85735182
0.96627151 -0.11831150 6.57642072
1.58855083 0.17155662 6.47688841
-0.10000625 -0.01622972 7.13326577
0.14227868 -0.33003582 6.98816694
1.39256137 0.55740073 6.65499944
0.05133236 0.19490201 7.08086085
2.02928393 -0.17352777 6.11493865
-0.50322486 -0.11452031 7.33335965
2.00972101 0.65327887 6.43178016
0.32961871 -0.28782159 6.91261406
0.37984879 0.09088225 6.92670776
2.47755455 -0.30263971 6.02085568
0.20015315 -0.36014587 7.01455752
0.91486345 0.38381190 6.72577191
1.90698064 0.02921752 6.37069204
-0.86376047 -0.46084340 7.34869768
1.17182693 -0.00067011 6.62748576
2.27042667 -0.03492910 6.19975312
0.58398029 0.25968118 6.92651961
1.55730295 -0.04495356 6.45212196
-1.02014670 -0.40035465 7.46130820
0.33218809 0.20390286 6.89706029
0.45225872 0.01409047 6.91683931
-0.44224464 -0.47605502 7.23000559
1.10642087 -0.27534381 6.58796252
0.87209822 0.21061513 6.79925047
1.25313022 0.19604860 6.54522776
0.99025013 -0.11283089 6.61828940
-0.09598013 -0.01917557 7.14664871
0.33271919 -0.33670565 6.88282027
1.22869462 -0.04128036 6.53250587
2.11629526 -0.03930642 6.31926067
2.16931540 -0.15831774 6.19262408
1.14035632 0.15037313 6.58110123
-0.21056973 -0.07042673 7.20936040
1.12296043 -0.02960902 6.52445902
1.04117314 0.12178692 6.41567995
1.34853488 -1.13336966 6.31758946
0.66368907 0.27238376 6.82666560
0.06836493 0.20688913 7.20522172
1.08358149 0.50694387 6.74299393
1.55009336 0.24796495 6.44427608
2.19843589 -0.16110073 6.32589037
-0.17468572 -0.11137314 7.14173120
-0.59897805 0.04459251 7.42349928
0.80093525 0.21220887 6.84501413
1.09768490 -0.32179264 6.67510683
0.94659056 -0.36332719 6.59394875
1.31456362 -0.32145055 6.48593874
-0.48101946 -0.00121533 7.28749432
-0.46100102 0.37330837 7.40153631
1.06111340 0.17214269 6.65694867
-1.02533580 0.10892621 7.61850842
1.84541338 0.15562567 6.39744920
0.58297729 0.46902722 6.95705949
1.19865374 -0.35457264 6.66905086
0.20914314 -0.36277744 6.97097432
-1.02864376 -0.41929891 7.45998308
0.76901618 0.28466131 6.82000098
1.86128034 0.06027118 6.39195519
0.87964080 0.42406712 6.70289720
-0.08909124 0.04900411 7.22278336
0.65964067 0.19340066 6.79523894
2.49160917 0.19717255 6.20352859
1.92851159 0.03228732 6.40021165
-0.57490815 -0.03179976 7.29846576
1.55300665 0.16442359 6.39090832
0.98162184 -0.36882747 6.65099303
-1.03146659 0.10666590 7.58894326
1.18167754 0.15814430 6.67650598
-0.08225954 -0.27101289 7.06394061
-0.86911060 -0.45236561 7.38801563
1.43651080 0.21455790 6.53978435
-0.48362742 -0.00875750 7.23754059
-0.26064253 -0.01554216 7.18886078
2.09135181 -0.11356223 6.32472043
-0.08569700 -0.02492798 7.16137196
0.20048712 -0.36872866 6.94761388
-0.41205589 -0.05341722 7.15606492
1.42876791 -0.36285597 6.46374289
1.17921661 -0.05276791 6.45659563
-0.19047699 -0.11493005 7.09638792
0.40661050 -0.09434946 6.93899630
1.23989027 -0.40226762 6.41505652
2.21102409 -0.06506418 6.21172523
-0.21992496 -0.37823266 7.08142654
1.28557440 -0.28204837 6.53799775
0.12847598 -0.33193300 6.97729351
1.69953020 0.10094717 6.32819392
-0.09264877 -0.29905593 7.27926929
1.55694258 0.24051300 6.45982195
0.79403999 0.21123339 6.82713712
0.62032487 0.22313000 7.03824861
0.57046224 0.24629258 6.85226921
0.43966749 0.14542568 6.92018051
0.92070791 -0.11593586 6.70815222
1.46584711 -0.31293730 6.49329236
1.00273680 0.10674633 6.37696310
1.16162494 0.08004096 6.61644242
1.79096953 0.03321078 6.26039222
1.37257587 -0.33219424 6.54193953
-0.32334385 0.09200492 7.35579603
-0.60571002 -0.04326370 7.19100237
1.17900246 0.12720070 6.68075382
0.34661985 0.02037375 6.95390822
1.26306415 -0.29493760 6.49048185
1.18438421 -0.01269287 6.69107682
-0.13651342 -0.31346147 7.12755092
1.19177431 -0.06406748 6.46334532
1.32376266 0.22141435 6.66022468
0.54036706 0.17828212 6.90470344
0.44877870 -0.26036730 6.81135532
-0.12103666 0.04539307 7.04893782
2.21961946 -0.06787374 6.22846786
2.15714375 -0.15954668 6.17697321
9.36850607 0.76170110 14.96797028
10.56225991 2.92600715 14.69724271
5.11459967 0.06467958 11.83153819
6.65140441 -2.79978193 12.78854681
10.74485354 2.46975901 15.09200143
4.60741575 0.83522302 11.24680012
5.56647635 0.95990720 11.92651568
7.91907250 1.12647793 13.73122758
9.29124851 0.80682080 14.90315506
5.94855916 0.21286918 12.58036457
6.63695541 0.28561838 13.08771595
4.77601942 0.93008903 11.29283903
4.04089360 0.04376166 11.06126994
11.55361455 2.48045383 15.72031112
17.38104368 0.00873768 21.24339541
10.49724898 2.55490797 14.91131232
8.52381178 0.92348975 14.36267690
18.04305612 0.11387028 22.07167645
6.76529525 -2.85479283 13.10044025
6.30012907 0.85062431 12.49121302
5.18059579 -2.61178010 11.91159909
7.94663282 1.21592995 13.70832501
4.72951976 0.87984587 11.20514280
9.25671339 0.73098814 14.85194900
3.97834207 0.88495108 10.70465418
4.74225737 0.91660196 11.23587376
9.25386463 0.77595601 14.86023906
4.16679470 -0.00531141 11.18322723
96.69191173 -6.99566775 77.70555500
132.52674059 -8.83383354 103.57178230
11.45358185 2.47935963 15.74406606
10.11731324 -1.57327077 16.20872260
7.73045026 0.66866723 13.60317598
9.38517225 0.93839372 14.90798782
8.07591993 0.87005780 13.97990812
4.86091454 1.04686317 11.28503952
11.38330862 2.56661805 15.55103198
3.93123830 0.00936519 10.91812340
7.88620334 1.11788894 13.67737995
4.60681562 0.83512926 11.24821201
3.99094107 0.74509970 10.74630915
3.57759885 0.07307569 10.85330104
9.64429653 2.29004106 14.15297805
11.19472863 2.41724738 15.46451222
5.06374338 -2.58259639 11.75852269
9.54215243 0.76996272 15.22874417
18.44827185 0.13930381 22.49355234
4.74993376 1.01755089 11.25936980
17.40628944 -0.00833941 21.28326718
10.17159005 2.33233242 14.86130215
21.18479787 -2.12892279 23.97026426
7.89556602 0.83369938 13.75029218
7.78082313 0.68678217 13.69163306
3.01773532 -0.10591583 10.34804785
10.02367498 2.52909723 14.61047452
8.69846003 1.21572254 14.35527908
2.79204913 -0.14534394 10.27510891
10.35430946 -1.49451179 16.31619626
148.19302697 -9.77488708 115.78441233
11.21323898 2.44667778 15.45261091
3.59784151 -0.00529570 10.94969599
4.13021525 0.00499760 11.01044215
24.43827291 0.54021244 27.52137906
5.06804820 0.01762804 11.96265758
5.22594963 -1.47763269 12.52881240
3.51823038 0.05155056 10.72962082
6.26249593 0.23370174 12.62243984
4.92324619 0.07679303 11.70006541
2.84946425 -0.18201864 10.19193375
11.52981872 2.40818975 15.63356203
4.64661368 0.80649039 11.30684072
22.26453457 1.01847285 25.31252884
5.33743261 0.90875357 11.66270023
9.60978997 1.07223808 15.11127827
3.86375851 0.05118255 10.81346970
3.97709837 -0.01155722 11.25129855
2.78468729 -0.15532288 10.21373080
137.68096447 -9.53007050 108.89788892
2.84415236 -0.18280661 10.17837464
3.84830828 0.07792224 11.06984637
5.13539491 -0.05246720 11.87138038
10.98405977 2.37804854 15.23790387
11.34028039 2.37331082 15.44165740
20.21104389 0.31534657 23.50768467
19.76303467 0.54451379 23.10019766
10.98880458 2.15815927 15.56426159
5.54389399 0.96797435 11.97202437
4.95348464 -1.45906801 12.12452188
10.45841184 -1.64036002 16.61409160
3.45771398 -0.03365532 10.75891558
5.85055014 -1.50032348 12.86070805
23.57803750 0.69987501 26.60928614
21.45164019 0.62065114 24.80200265
20.75646343 1.06699766 24.06334233
5.53200397 -0.03034664 12.40722667
4.04528157 0.02570736 11.32938646
4.88158462 -0.03530748 11.66179697
7.99047423 0.85757323 13.83626429
4.92454615 0.07031349 11.78929867
3.33224057 -0.06027663 10.54022804
5.51975953 -0.02383265 12.38964730
4.12172741 0.06777229 11.12370868
5.17827570 -1.43671601 12.47072103
9.60677026 -1.60839781 15.58332496
25.59121266 -2.04386408 28.04848413
27.30830683 0.33751072 30.17507610
23.05699618 0.50056909 26.28891558
21.83939228 1.03404936 25.16911784
5.03122242 0.08872735 12.00113771
5.97485848 -1.50644653 13.06174501
4.04023171 -1.18501048 4.19817757
4.40338369 -0.93767662 3.90852223
4.02960905 -1.18889289 4.08724337
4.20574085 -1.03667864 4.07056202
4.09941662 -1.19088836 4.03611109
4.03831193 -1.20783145 4.11904863
2.14480008 -2.15290792 6.15279312
3.81234478 -1.54021666 4.02652847
4.45646335 -0.91271980 3.90896176
4.02461332 -1.22395506 4.11904565
3.86183783 -1.21366457 4.42694181
4.26339429 -1.02604087 4.06984273
3.99960869 -1.18297098 4.30586569
3.55186283 -1.34930237 4.79560610
3.99488661 -1.23850259 4.13026929
3.71914711 -1.36418408 4.48247245
3.93131620 -1.26390175 4.18783907
3.94446755 -1.44039748 3.93064395
3.90442404 -1.19887696 4.48355770
3.84876439 -1.29583997 4.30339226
3.97267721 -1.17837593 4.35927392
3.99142600 -1.16596977 4.26495109
3.51076010 -1.40649263 4.74497870
4.28416206 -1.00785016 4.04237117
3.94026450 -1.17501217 4.41224703
3.99622098 -1.15951669 4.32621418
2.28596274 -2.04687056 6.66960488
3.91306645 -1.16994519 4.47163924
2.31902420 -2.03920658 6.58949435
3.84135727 -1.32262040 4.30807786
3.76975195 -1.20393731 4.71979826
3.81467452 -1.19429767 4.66073911
3.50710295 -1.40722756 4.71439712
2.10332100 -2.21128699 6.04983590
3.94623176 -1.15381055 4.45497949
3.81189620 -1.18473346 4.68491642
4.01635800 -1.12811251 4.33951330
4.03850794 -1.06420678 4.47281282
3.67857477 -1.38258852 4.46562000
3.86372467 -1.16178290 4.58646289
3.80399511 -1.32142492 4.34285423
3.81775307 -1.58164255 3.97141074
3.81135624 -1.49319525 4.05598939
4.12355534 -1.28444421 3.75900512
4.01213357 -1.06240272 4.50376833
4.03098889 -1.10806314 4.34103735
4.54033218 -0.87174122 3.83145082
4.67623674 -0.71711999 3.89033095
3.83604048 -1.48419253 4.03577586
2.23899232 -2.01659186 6.82807813
4.67737853 -0.72108329 3.86750586
4.66012445 -0.73814620 3.88273434
4.63415903 -0.75928031 3.92495703
4.57018440 -0.77719789 3.91067735
4.50578624 -0.79780217 4.04130403
4.38279476 -0.95600645 3.93630806
2.22824625 -1.96887087 6.84325112
3.88957466 -1.45329040 3.93035033
3.93907789 -1.44784272 3.90626513
4.10688433 -1.17982107 4.04785431
4.22141376 -1.04138772 4.05787637
3.99655002 -1.18184340 4.12540653
4.03089106 -1.11385200 4.22150279
4.29996974 -1.01257481 4.02955322
3.85063058 -1.18117014 4.54081976
3.93556697 -1.46460676 3.92796887
4.19224534 -1.07471376 4.13688152
3.73695418 -1.24911914 4.68490708
2.22301587 -2.13424519 5.88154503
3.94663656 -1.23198987 4.19477965
4.13818147 -1.28099956 3.79002785
3.70441938 -1.39297376 4.44735143
2.05643733 -2.21889834 6.00749339
3.88160973 -1.43549172 4.03263227
3.76398169 -1.33531059 4.33578479
3.88519321 -1.47152650 3.94472670
2.19413161 -2.16617758 5.93003159
4.82241504 -0.68346405 3.63396459
3.34997804 -1.42790150 5.10138847
3.96470012 -1.23468641 4.20082348
4.09290434 -1.19021124 4.02510112
4.00489186 -1.13702368 4.23203304
4.06282190 -1.19589593 4.06044492
4.03518313 -1.20025402 4.08800485
3.93737244 -1.17487621 4.41158113
4.03957365 -1.20765013 4.12959674
4.03615941 -1.06658843 4.47450972
4.30016861 -0.99176348 4.01490880
3.99855587 -1.23784519 4.12969304
4.64996547 -0.74741322 3.89054984
4.01156786 -1.06192887 4.49623878
4.34647491 -0.97426551 3.95849710
3.91213155 -1.45816075 3.94271275
3.82659277 -1.48251128 4.03303259
4.48806374 -0.80313122 4.03531036
3.83384134 -1.19894167 4.43992408
3.99331125 -1.17643520 4.27564622
3.99823669 -1.17994081 4.30555887
3.95335842 -1.34927284 4.01892194
3.95052090 -1.37861474 4.05555108
3.89808918 -1.47267243 3.94371284
3.82406978 -1.49432617 4.05810281
4.08807936 -1.16063703 4.08399750
4.03546492 -1.18141622 4.16211119
2.21308776 -1.99483707 6.88663463
4.03826213 -1.18487177 4.13587643
3.62116812 -1.29745289 4.74953485
4.08472335 -0.93580024 4.58319832
3.91781771 -1.23232453 4.19277124
4.04155676 -1.21562539 4.08479071
3.88142568 -1.18067932 4.54955675
4.40343060 -0.93697707 3.93473939
2.23773997 -2.01530097 6.82586338
4.54670087 -0.84739825 3.79883059
3.81639879 -1.32302740 4.29613566
4.13160774 -1.28257780 3.73449277
4.55604226 -0.87361155 3.83626695
3.82192737 -1.17808012 4.53125075
3.81771205 -1.54330808 4.03100682
4.38718742 -0.93948879 3.89684251
2.09993601 -2.21046826 6.04274523
3.51733898 -1.41167561 4.71928026
3.80679621 -1.32246023 4.33711196
4.02366171 -1.07001116 4.44378715
2.21573718 -2.15754453 5.90136778
2.22590553 -2.04715330 6.73974286
3.64502636 -1.37987171 4.44283295
4.22511119 -1.02696467 4.05239689
4.02616059 -1.08865522 4.45729408
2.26081588 -2.10815727 5.85220498
4.00232456 -1.10216982 4.43890342
4.14836430 -1.07847123 4.11870152
3.69259061 -1.39152882 4.43505677
3.85391427 -1.14854479 4.54726940
3.99752554 -1.12833477 4.32475188
3.79788191 -1.18686823 4.68150907
3.92362213 -1.15528988 4.43992336
3.93267950 -1.16118081 4.48497158
3.94653072 -1.15983996 4.41796424
3.80300288 -1.33399512 4.31552293
2.29122681 -2.04985599 6.67220926
3.85731434 -1.45324798 4.02619516
3.80071839 -1.58417461 3.97121363
2.33356648 -2.04806079 6.57814033
4.53100975 -0.81112886 4.02311819
4.50133422 -0.80512404 4.04058160
4.05294357 -1.06659922 4.48605259
4.24373529 -1.05280350 4.09745793
3.97880911 -1.11619211 4.45374375
4.14479154 -1.08146445 4.12236809
4.07893346 -1.11633105 4.29358566
3.95410927 -1.35264137 4.01636823
2.31319970 -2.11717121 5.83405381
3.88285912 -1.42756863 4.03962691
4.15271409 -1.30173596 3.78323321
3.85206354 -1.45178782 4.02390184
3.70415585 -1.39341566 4.45128430
3.95570331 -1.16031531 4.42546859
3.92280228 -1.16390282 4.44803917
3.87778155 -1.44436461 3.94258388
4.04606392 -1.13976212 4.24191345
3.96186425 -1.16479826 4.39405258
3.96765877 -1.16923153 4.36261456
4.11290346 -1.27763241 3.78477766
4.05101351 -1.15000399 4.18806132
3.70179424 -1.37891296 4.42395841
3.91011942 -1.20549912 4.46508030
4.06330798 -1.16038545 4.13070290
3.82167725 -1.49149523 4.05710959
4.46755985 -0.89704062 3.87575545
4.02548505 -1.17976144 4.19506065
3.77253817 -1.33939540 4.34973140
4.02915903 -1.18394371 4.16357546
3.32946981 -1.46175782 5.11054966
3.81832173 -1.32287550 4.30350541
3.79080819 -1.31931776 4.33942480
3.78666323 -1.59694905 3.99416196
3.83684247 -1.30274162 4.29314980
4.09528283 -1.19040054 4.03062391
4.35376977 -0.97615689 3.99209996
4.06903311 -1.35988510 3.86245769
3.72340176 -1.45993238 4.21869680
4.17192670 -1.26612954 3.82353051
4.00028296 -1.17837140 4.21069068
3.78920525 -1.18752137 4.68643261
4.01294281 -1.17969855 4.15101071
4.13960903 -1.30220118 3.78312671
4.08991434 -1.09012200 4.34345137
3.96186400 -1.21748169 4.24096909
3.98795158 -1.35501990 4.03245182
4.02609018 -1.21350541 4.08232827
2.22141766 -2.05698773 6.77086980
2.20919134 -2.13157272 5.98112388
3.95624541 -1.16745522 4.35819602
2.35634046 -2.05941593 6.60544238
3.87829294 -1.30522767 4.29611009
3.88776613 -1.40574076 4.05755776
4.05541585 -0.95501916 4.54920036
3.94466764 -1.40039968 4.04647808
3.99930133 -1.17142492 4.23733314
3.98500882 -1.16992659 4.29706672
2.28505724 -1.97771652 6.83268454
3.67457726 -1.37168137 4.47456753
4.02528803 -1.13743072 4.23999022
3.89521579 -1.44700921 3.94689919
3.67523606 -1.38627523 4.43298541
3.83289853 -1.54018593 4.01075719
2.12571144 -2.22641713 6.07310504
3.98772087 -1.44700503 3.84685405
3.98804132 -1.24555862 4.13922202
2.20854350 -2.10702678 6.74744304
3.78314964 -1.59659062 3.99363195
2.95126766 -1.39768127 5.93510038
2.24150008 -2.03106335 6.74811533
2.27149028 -2.09749178 6.75870870
3.84412118 -1.19501135 4.52056317
3.86106162 -1.21597662 4.50644703
4.05647171 -1.38628342 3.77957462
3.39154787 -1.35384860 5.10602537
4.02791604 -1.38863369 3.79836302
3.89948290 -1.48578686 3.93689995
3.88913263 -1.43443160 4.04192203
4.16935684 -1.25747502 3.82579512
3.61252955 -1.28500641 4.74666412
2.27883576 -2.12648012 5.88960358
4.13352820 -1.29114569 3.86800240
3.69271001 -1.39293567 4.45397234
4.05445634 -1.16701728 4.21444974
3.90214619 -1.27611049 4.22556534
3.70959802 -1.28063397 4.65816725
3.95168506 -1.44239144 3.93415380
2.24445943 -2.03391893 6.75483138
3.90578743 -1.48603990 3.97934658
4.18116048 -1.28348569 3.74694478
3.66929922 -1.41175617 4.48712263
3.83837709 -1.52489193 3.98724265
3.81428036 -1.54590463 4.03351101
2.27646341 -2.06125959 6.68791793
3.75094264 -1.45052228 4.25642077
2.30498745 -2.14151458 5.93103573
2.24341893 -2.12339874 5.91292569
4.02183256 -1.14902514 4.25901831
3.73049387 -1.20634160 4.65950247
3.68942384 -1.39144737 4.50382150
4.14315380 -1.29347224 3.87179383
3.82333360 -1.30190279 4.25930493
3.82836584 -1.54903590 4.03825945
3.83657787 -1.53922299 3.97591255
3.93635838 -1.44076357 3.92319682
4.03947409 -1.10734089 4.31044674
3.90066173 -1.48291562 3.83394798
3.88222770 -1.49324117 3.96539788
3.82235278 -1.32948726 4.32178529
3.89641824 -1.38927801 4.07252041
4.06009299 -1.35469502 3.86505286
4.12040301 -1.17886571 4.02279226
3.63906905 -1.28857211 4.75716726
4.16878228 -1.29014121 3.74881798
3.69956021 -1.39792719 4.45043969
2.31983822 -2.02818529 6.52042044
3.70990475 -1.45009153 4.22334395
3.93014447 -1.49466171 3.84516600
3.73146143 -1.35321293 4.48294333
4.04402791 -1.10322203 4.30505098
3.84123777 -1.49707834 4.06492005
3.58642879 -1.34707951 4.79463039
3.69541689 -1.30950974 4.68222619
3.58301331 -1.28660560 4.78861493
3.89641824 -1.38927801 4.07252041
4.05182650 -1.35593474 3.86614919
3.69680421 -1.20458336 4.65046206
3.63447583 -1.42656116 4.47870360
4.08747583 -1.39676009 3.79953226
3.81200373 -1.48803705 4.04631392
3.92309749 -1.30680741 4.27602223
3.94780256 -1.26869560 4.18097247
3.89551166 -1.40885527 4.09329599
3.01336396 -1.61120646 5.34275369
3.82109338 -1.55447244 3.84768751
3.00074539 -1.57611604 5.40206377
3.69898358 -1.37421387 4.38200827
0.57269455 -0.57983611 2.99791957
0.98540153 -0.79110984 2.97684712
0.95710535 -0.71173086 2.91846017
0.93404276 -0.75155180 2.93968249
0.52721181 -0.69210898 3.23666362
0.84697972 -0.64217287 2.93258045
0.88178555 -0.63945774 2.93652306
0.81927476 -0.62070019 2.91447279
1.03785960 -0.69050101 2.79094505
0.95587805 -0.78081217 2.89622256
0.98742599 -0.67558077 2.81928433
0.42622268 -0.60009307 3.12334511
0.70172093 -0.58408444 2.94865704
0.64985185 -0.56894106 2.94591364
0.75856419 -0.59171607 2.96540112
0.90608356 -0.72750842 2.91798040
1.01183969 -0.81413584 2.95768199
0.44926688 -0.61664862 3.14353635
-0.47363747 -0.66583229 3.13282104
0.84324444 -0.59658844 2.89203588
0.95190851 -1.26771270 2.45526493
0.99155479 -0.83401005 2.98023725
0.79931947 -0.67344864 3.02318852
1.01826940 -0.81087712 2.91922841
0.69872995 -0.56255689 2.93691098
0.76588585 -0.58080838 2.92037447
0.34008721 -0.67799417 3.26463549
1.11213584 -0.70287379 2.83518585
0.95942942 -0.75623355 2.94786571
1.00261446 -0.67992431 2.82240498
1.00604216 -0.67362353 2.82890247
0.86010090 -0.61884962 2.89545164
0.81796979 -0.62025186 2.91648775
0.80057991 -0.59131160 2.88033889
0.91486811 -0.79089643 3.05429792
0.99125724 -1.20767532 2.23871196
0.96137003 -1.27099929 2.45597316
0.83671725 -0.58606855 2.96519884
0.92353299 -0.80161239 2.96189503
1.01965052 -0.81197516 2.94091250
0.81559773 -0.69907699 3.04676976
0.74376853 -0.73389818 3.11839401
0.97666575 -0.74131861 2.94917626
0.88783728 -0.71943583 2.90123128
0.93694215 -0.72008318 2.92066636
0.92074447 -0.79302975 3.05856431
0.16707197 -0.75683040 3.38404103
0.79599565 -0.73361581 3.12439968
1.09445905 -0.69704853 2.80261038
1.05274995 -0.69186863 2.82065055
1.05545281 -0.69358767 2.84761646
0.91197089 -0.64393037 2.94972197
0.88277959 -0.61707855 2.88516523
0.83512223 -0.61709071 2.90203791
0.83065267 -0.62085458 2.92003632
0.83012742 -0.62641620 2.90364086
0.34267951 -0.67882677 3.26407739
1.26480356 -0.68643938 2.41338171
0.85858240 -0.71300798 3.08701132
0.80567429 -0.72735201 3.11391442
1.02701199 -0.67531187 2.82400255
0.98835062 -0.76630307 2.94757116
1.03598948 -0.68809591 2.78726494
0.95035452 -0.72124429 2.92663215
0.28611657 -0.77367741 3.45289643
0.84336565 -0.65921849 2.96870140
0.89529244 -0.79258975 2.95060824
0.79747736 -0.73318487 3.12194495
0.90566507 -0.69544816 2.88799221
0.17784678 -0.75929351 3.39148897
0.74955805 -0.71455112 3.08837029
1.02829460 -0.81245449 2.94335935
0.91086891 -0.78690038 3.05873865
0.89707945 -0.74272324 2.95398527
1.01025753 -1.28531952 2.44550194
0.99897524 -0.80436437 3.02036088
30.13421602 -7.58605171 16.92164543
66.96803536 -28.06715553 8.19416816
35.30941951 -13.53852213 1.57873286
17.52310497 -4.06131732 7.16931986
17.32648783 -3.77274592 7.35009763
16.69480151 -3.72023363 6.67943436
17.16919741 -4.25820858 7.35026629
17.24505601 -3.71670470 6.90644754
13.94443524 -3.66882233 6.53739655
16.32796086 -4.14247459 7.20955342
15.00133574 -3.59242633 6.98016851
18.44104054 -6.00282897 7.42964962
24.29610480 -11.71976977 7.04082470
15.08059909 -4.85554380 6.41700786
18.67578507 -5.67076764 7.37770476
17.32605702 -8.63141775 5.78053940
2.76133089 -2.04874772 3.08540072
12.31123094 -4.16311480 5.94734062
30.27006417 -11.62842382 1.81535594
17.75498765 -5.84756239 7.22705230
14.39143917 -4.72075048 6.29332024
15.11831931 -4.88992097 6.69683529
14.05341273 -4.63589330 6.69903821
20.86502274 -4.39903021 8.18316308
22.41414751 -4.75326429 8.92199850
24.39339381 -5.12544983 9.37836782
23.39808223 -5.21480907 9.11523405
21.74071925 -4.88467036 8.60601748
22.98416188 -4.85710233 8.63728983
27.12256895 -5.72727009 10.24517491
24.34508605 -5.32480500 9.70897777
26.31588068 -5.73582235 10.03309875
22.84005272 -4.89796536 8.46489053
22.90724959 -7.08274318 8.56542658
22.04752227 -4.57047396 8.64767500
24.80536776 -6.00208429 9.58608417
23.71947796 -5.65480567 9.06927534
26.18084514 -6.05687294 9.43185866
23.70229096 -5.62965189 9.34410738
24.15568498 -5.56939280 9.54715695
26.35155316 -6.20849402 9.79810744
21.40578660 -4.67784456 8.09398911
23.92247688 -5.28827303 8.95642470
25.25050424 -5.67879902 9.65862082
23.08251814 -5.36575774 9.23381751
24.96909683 -5.72307099 9.43712530
27.58992793 -6.30353695 10.21692184
24.46079387 -5.76906451 9.51987063
21.35029184 -4.61400998 8.32743521
22.47743255 -6.93122365 8.43253453
24.11905675 -5.69103104 9.43265007
23.26410046 -5.16074616 8.81727924
22.89666282 -5.37700214 8.84838796
28.27116741 -6.28799036 10.46362645
24.80209983 -5.60376508 9.73562157
23.00904712 -6.26180273 9.21149973
21.54641958 -6.58524067 8.48644073
21.09690969 -6.52556441 8.75388749
22.39632099 -6.51620670 8.80216717
17.91167008 -9.44187812 6.07689899
19.78268988 -9.62277821 6.10825429
3.26015106 -2.03776995 3.37237220
3.22449517 -1.89624292 3.04009439
3.39548738 -1.83562536 3.48222168
3.23069880 -1.89619731 3.04961500
3.17209448 -2.03579894 3.05934571
3.23958710 -1.88561619 3.05668301
3.33552723 -1.79719961 3.17196768
3.26460651 -1.86475800 3.08381752
3.32297332 -1.76790812 3.13826766
3.16077115 -2.01725366 3.01565179
3.27082697 -1.84871918 3.08953256
3.17719302 -2.03695815 3.07426053
3.17657275 -1.99072770 3.02503319
3.16854636 -2.04380796 3.05579328
3.16247735 -2.02360406 3.01366158
3.31574558 -1.76638727 3.12845429
3.34144491 -1.75531906 3.15971254
3.33603135 -1.75764997 3.15554833
3.40339351 -1.80514335 3.47292429
3.27645043 -1.85913229 3.11183080
3.19833204 -1.99444750 3.07450335
3.34078252 -1.75530671 3.13080467
3.17113676 -2.04669427 3.07965714
3.25798833 -1.90821041 3.13558625
3.31539285 -1.80641698 3.16628001
3.26832369 -1.87037753 3.11089728
3.39984492 -1.66400564 3.23126343
3.23926076 -1.88800336 3.05795373
3.34736146 -1.75474211 3.15773244
3.33833424 -1.74746146 3.13617273
3.24338802 -1.86875259 3.07504158
3.27487966 -1.85002717 3.09125117
3.24191855 -1.88223971 3.05992418
3.28498426 -1.85820188 3.13919870
3.27048940 -1.86121976 3.09501940
3.25051064 -1.91709294 3.12455063
3.17999590 -2.03941666 3.08629002
3.29254526 -1.85494412 3.15236049
3.27684809 -1.83972595 3.10504980
3.28095184 -1.82707062 3.10970859
3.28134662 -1.85762850 3.14115513
3.27917975 -1.86524408 3.13359767
3.27063821 -1.84954798 3.08787732
3.26690479 -1.86088145 3.09769716
3.17282069 -2.03580926 3.06044035
3.33630912 -1.74983287 3.13829396
3.34271061 -1.76775426 3.18484502
3.22884204 -1.91870856 3.07162883
3.26392402 -1.86760655 3.08368268
3.27318389 -1.86715545 3.10643015
3.32966907 -1.75124226 3.14209884
3.17522229 -2.04192576 3.05392836
3.33744780 -1.61901498 3.34015632
30.30953003 9.02163323 -10.56506067
51.70022939 15.74918465 -19.01256157
24.30904188 12.06102737 -17.68502605
39.10953080 11.21508049 -13.14265578
44.21647378 23.35815977 -35.90958066
46.15953912 13.58705046 -16.62126504
36.22018476 10.06235560 -11.98490958
32.14045039 9.30630081 -11.82271242
34.32258401 9.89542084 -13.13029260
314.19375689 75.59316302 -94.27906585
16.62637902 8.08875708 -12.72825642
13.91171452 6.39720005 -9.97809127
119.23837344 26.46203609 -33.18155596
172.53622453 38.78538184 -50.22241487
83.54102453 19.86699933 -29.27923259
54.00549742 11.25205260 -17.88159754
107.09254890 24.00061105 -40.28007401
78.76115929 9.82477044 -27.28140556
168.30560685 38.05847344 -48.72767888
77.10585727 18.13099564 -26.68453311
204.00547633 45.06292591 -79.30048188
38.29597792 10.87550685 -12.95677972
70.80492169 38.62139071 -60.30419567
77.54577421 42.07758092 -65.74197714
33.69336532 10.02402109 -12.35949377
36.30137627 10.07553933 -12.04160762
20.80578075 10.64170255 -17.08860996
73.32235125 14.21715891 -25.86832032
95.98979641 24.80340303 -38.63539283
59.88598521 31.83102867 -55.54514045
136.85390795 26.41956436 -52.37848553
71.29537813 13.81318730 -24.95919199
60.17755740 12.69441036 -20.44801842
86.85185801 23.27217129 -36.30511488
15.50380995 7.27633420 -11.75857614
19.79525675 9.65908224 -15.29693698
50.37623959 26.45940667 -45.99373512
164.47429229 44.06271642 -69.57529356
59.55017670 31.88699584 -53.85602557
35.90934736 -0.54685407 -12.70795322
154.86120767 21.23152055 -57.94023023
51.63250394 7.20654904 -18.22808913
93.90582908 13.69897865 -32.98444067
98.58923467 18.29223407 -37.20989204
84.09614171 17.31897561 -29.86186593
108.97307099 24.41505992 -41.51945983
92.02123906 20.39893027 -33.61456110
78.50584909 20.82452021 -32.36024506
82.37505824 22.14001213 -34.52899886
95.27357850 22.95001350 -33.83386868
116.12791911 32.78177057 -48.56761864
10.75005967 3.95903852 -6.14217131
13.88795910 6.29103566 -10.28971416
35.05526216 18.28297920 -30.62865010
2.67896382 -2.10155921 3.40301925
172.62386250 26.20694925 -65.24940824
68.73532401 13.13505480 -23.72405131
92.53948932 19.26046963 -33.30337725
47.14188217 10.82143016 -18.81412638
120.47521016 32.90823999 -50.09285361
13.34076940 6.21688904 -10.45221144
20.69609625 10.21374543 -17.23593000
2.67105979 -2.10220121 3.40632238
100.40452186 21.55374932 -36.99594715
60.57684117 12.50315335 -20.40987755
83.97609963 19.04504751 -30.76175911
87.34582071 22.34553016 -34.89322228
28.57820720 3.73733637 -7.35671004
325.38361709 65.18019580 -133.06798577
50.12798370 11.71871413 -20.25885435
1.19891207 -0.90546592 3.00056142
1.67113585 -1.10316894 3.13823560
1.64597821 -1.10343186 3.13318418
1.30391149 -0.92757579 3.00981975
1.67421560 -1.18282002 3.14487376
1.72008653 -1.16990900 3.16487345
1.08214774 -0.90954413 2.88859036
1.34027214 -0.99307315 2.97172487
1.29434486 -0.98356216 2.95011728
1.55223779 -1.09413584 3.07830032
1.53690583 -1.09470085 3.07868923
1.32599833 -0.97194558 2.99228038
1.30534363 -0.96972229 2.97195234
1.32754602 -0.98127576 2.99077134
1.53506201 -1.08914270 3.08275513
1.28904373 -0.97608753 2.97287350
1.22314750 -0.97327832 2.90739359
1.07157658 -0.92637541 2.88028267
0.93437615 -0.91382806 2.76053068
1.16062497 -1.02179243 2.89067365
1.22309777 -0.91254603 2.99505289
0.93869024 -0.91643095 2.77627354
0.92797966 -0.90963766 2.76397614
1.49688488 -1.05332350 3.05633934
1.38186110 -0.95894800 3.03614733
1.19688827 -0.99445060 2.87639884
1.61954802 -1.12839964 3.13377885
1.62531713 -1.11957759 3.12188859
1.38753373 -0.94379656 3.04005874
1.20985612 -0.98872189 2.87825802
1.42116460 -1.02585604 3.00485292
1.23912712 -0.98690869 2.88593996
1.42562070 -1.01665414 2.99239853
1.53509533 -1.07344254 3.06128532
1.38520369 -0.96150502 3.04657185
1.60813959 -1.09957888 3.11338788
1.35676573 -0.96389782 3.03439158
1.22510180 -0.97321009 2.91941884
1.29118388 -0.98225729 2.97190552
1.25635871 -0.94495427 3.00221011
0.95907281 -0.84719829 2.81026148
1.05175444 -0.88601944 2.90456878
0.85782155 -0.91089625 2.75239884
1.71076058 -1.13992250 3.17114858
1.71804273 -1.29417134 3.12908639
1.79062867 -1.05254383 3.24805519
1.71232388 -1.12435789 3.17137645
1.68089391 -1.11587267 3.15463823
1.33744878 -0.96695222 3.02162478
1.37588325 -0.96329636 3.01582342
1.36221609 -0.97143089 3.02028400
1.71599835 -1.15821190 3.16548836
1.32580166 -0.97233435 2.99181711
0.94726355 -0.87528223 2.81798756
1.53918041 -1.19720011 3.05881227
0.93840151 -0.92376399 2.77025707
1.39388622 -0.96524969 3.05276104
1.30707694 -0.96453070 2.96641743
1.28791212 -0.98511446 2.97377362
1.33858935 -0.96867415 3.01276210
0.88589059 -0.93949227 2.74707638
1.22919791 -0.99850317 2.88762998
1.41826974 -1.02641039 3.00597972
1.52708603 -1.08881233 3.07739817
1.09272483 -0.94579825 2.87328598
1.22059405 -0.97716253 2.92372931
1.67700599 -1.11537422 3.17048611
1.40395445 -0.98502811 3.03450826
1.08615105 -0.89192552 2.85628485
1.37948868 -0.98682788 3.03031688
1.31534846 -0.96962928 3.00189506
1.13184105 -0.90181791 2.90020092
0.85760791 -0.91133338 2.75198400
1.07915881 -0.96552714 2.87761672
1.23482766 -0.95672563 2.90887118
1.13708213 -0.91734673 2.90441618
0.92107145 -0.95271121 2.73234026
1.55323181 -1.16433687 3.07866517
0.90814816 -0.85826621 2.78069918
1.37096783 -0.97941346 3.00313661
1.00592496 -0.90683026 2.86732112
1.10179002 -0.96414908 2.87807605
1.53723406 -1.20072662 3.05149480
1.07711115 -0.89594869 2.89248370
1.37137571 -0.96942252 3.02767863
1.40128687 -0.97872047 3.04120870
1.40688337 -0.98145762 3.03161988
1.67592959 -1.17989605 3.14061664
0.97008921 -0.96339677 2.76630182
1.38546160 -0.97547719 3.01262637
1.63829535 -1.14837494 3.13315595
1.30758259 -0.96603567 2.96619759
1.29209463 -0.98010793 2.96771988
1.34932306 -0.98584507 2.98438827
1.71271569 -1.13696890 3.16942349
1.52605765 -1.09062285 3.07928380
1.71249629 -1.11099618 3.17135604
1.09686814 -0.94146222 2.87036920
1.01984614 -0.90111495 2.88332539
1.49340263 -1.05641091 3.05984571
1.41131679 -1.03414616 3.01465487
0.89884129 -0.96820970 2.75115059
1.21129795 -1.03260277 2.89143409
1.11556061 -0.91754202 2.88612241
1.22870061 -0.95372910 2.89279674
0.87748357 -0.95495014 2.75037572
1.63212100 -1.10581713 3.12855134
1.22226745 -0.96517948 2.92378367
1.36844602 -0.98198330 3.00369554
0.97347759 -0.94624474 2.78269211
1.19035904 -0.95942917 2.92446577
1.32717763 -0.95913847 2.99185442
1.00917505 -0.89155268 2.84839134
1.55381878 -1.16327235 3.07884849
1.59302870 -1.18427251 3.08539182
1.10842853 -0.91857336 2.90756600
1.39395562 -0.96214874 3.05264606
1.10075863 -0.89863419 2.91407397
1.53232300 -1.21318474 3.04602388
1.69915814 -1.23846932 3.13513687
1.55355577 -1.16325120 3.07949078
1.71551182 -1.17713510 3.15748414
1.21122678 -1.03294894 2.89265464
0.96948058 -0.96140600 2.75764675
1.64466051 -1.14370116 3.12617335
1.61031936 -1.13665728 3.13024409
0.92725268 -0.93917377 2.75963000
0.97355923 -0.94076462 2.77734017
1.60997967 -1.10300804 3.11406716
1.35228694 -1.00369482 2.95877139
1.11478607 -0.95527059 2.88045639
1.33361807 -0.98816750 2.96580770
1.08987310 -0.94667659 2.88007540
1.34045041 -0.97813453 2.96886274
1.31659182 -0.98429256 2.97626101
1.19534040 -0.94881219 2.91537158
1.16696966 -0.94110350 2.89969973
1.33880392 -0.97561296 2.98178773
1.37698228 -0.98154585 3.02370813
1.83783089 -1.08627552 3.26081201
1.11046082 -0.92098961 2.91094440
1.50902773 -1.22582984 3.04136697
1.70114838 -1.23738990 3.13513640
1.52975675 -1.18070201 3.05809245
1.68306485 -1.16156064 3.16828305
1.18842106 -1.00450434 2.89542468
1.55401280 -1.09755167 3.08743192
0.97545212 -0.93363124 2.77157272
1.21454046 -0.99331197 2.91324416
1.49419965 -1.05220837 3.05318313
0.98998999 -0.92185352 2.79603200
1.09720257 -0.96089653 2.87638524
1.44441073 -1.02549560 3.02921358
1.32246484 -0.99181893 2.97523195
1.10048259 -0.93982812 2.86681887
1.34904712 -0.98159280 2.98204928
1.54618770 -1.20703129 3.06319264
1.56991264 -1.15947532 3.08255888
1.70393686 -1.18987271 3.16743465
1.62678699 -1.15723580 3.12090807
0.97092748 -0.95636716 2.74493696
1.70639919 -1.16416284 3.16659287
1.67873391 -1.14043972 3.16241774
1.58588410 -1.11184513 3.10969002
1.71397014 -1.12250302 3.16803183
1.57048366 -1.16166032 3.08099170
1.20276864 -1.03454627 2.89509406
0.69802882 1.11716640 1.17787800
1.10078173 -0.02364392 1.51597719
-0.25983490 1.08972080 1.14912451
0.95381339 -0.02674332 1.59357342
1.05686781 0.11644070 1.45676167
1.20916096 0.16761593 1.40258258
1.12577377 0.13546610 1.46786384
1.09280246 0.09099915 1.52985515
0.01156880 0.04265127 1.62407804
1.26605299 0.36563969 1.21622648
-0.38559672 2.63925293 0.16658788
1.08206768 0.29851644 1.39976963
1.08633182 0.39219832 1.28884849
1.10259059 0.33820812 1.36727368
1.08239907 0.37568562 1.32526268
1.05144574 0.30658194 1.40591279
1.15346399 0.42555837 1.27026579
0.89646549 0.22714006 1.50553833
1.14043404 0.35969309 1.36522570
1.03504658 1.81375240 0.69631967
1.10665329 0.07871101 1.41931268
-0.14840868 -0.32807124 1.71903576
1.03275388 -0.00668874 1.57347237
1.08481311 0.03698206 1.52647148
1.16872296 0.16740473 1.41603790
1.10684158 0.18022855 1.44820385
1.03969586 0.26067183 1.37002697
1.16543913 0.41870081 1.25068569
0.91686605 0.29689025 1.41566371
0.89445933 0.25567596 1.46969122
1.19546982 0.46611155 1.24136280
1.19374896 0.43515959 1.30261906
1.11467088 0.02991963 1.44514737
1.12607970 0.28687731 1.37858839
1.00430141 0.41878416 1.27960770
1.04676702 1.30971758 0.99476140
1.03176555 1.66240577 0.83509355
-0.15344995 -0.30497129 1.69282701
-0.17652791 -0.30206214 1.69129629
-0.17349543 -0.24226816 1.67119607
0.95226691 -0.04055648 1.61308526
1.08178072 0.06207243 1.50022430
1.12522492 0.15173279 1.39460606
1.08649138 0.06572171 1.52845819
0.00936746 0.04977907 1.61629477
1.04247354 0.22938488 1.40650513
1.15298564 0.38611505 1.26461548
0.89448965 0.24200287 1.48330030
0.91896635 0.29184163 1.45578696
1.05720112 0.15991133 1.44437746
-0.25734029 1.94067818 0.57664157
-0.12557990 -0.29991271 1.72965830
-0.15681913 -0.22972629 1.68197031
1.12613373 0.01016188 1.47636474
1.04704124 -0.05159073 1.58672295
0.95066482 -0.03325831 1.60212775
1.12405850 0.13579535 1.41148763
0.01695865 0.02581141 1.64330549
1.08534866 0.15549933 1.47769741
0.00648582 0.08321831 1.60936151
1.19696123 0.40774646 1.31654482
1.00904161 0.39249851 1.39055226
1.01565832 1.21757053 1.07623960
0.67124820 1.22619409 1.05372634
-0.25953984 1.89494535 0.47874104
0.67205474 1.26925801 1.00756420
1.04779535 -0.03599011 1.56921631
1.04441410 -0.03839889 1.60841450
0.03267998 0.01971818 1.64290860
1.04846132 0.24059433 1.37903786
1.01830282 0.30162060 1.40097299
-0.31953353 1.44845108 0.83625683
0.87739257 0.25764778 1.46633607
0.91034305 0.19922399 1.56613693
0.84670721 0.83582878 1.20543129
-0.20887381 2.17043286 0.34736205
0.98604150 -0.13624267 1.70389582
0.95622462 0.08653482 1.45302352
0.84970775 0.67834753 1.36780341
0.03803318 0.02301426 1.62518922
0.48061659 0.06654956 1.65502114
-0.61014766 -1.36707349 2.40593963
-0.65636818 -1.35837232 2.46029862
-0.62392495 -1.32525217 2.42217303
-0.86167825 -1.38029419 2.67859088
-0.60902638 -1.36722999 2.40668929
-0.06295032 -1.58854162 2.78877598
-0.68643782 -1.37213486 2.49051722
-0.85916298 -1.38139966 2.67967849
-0.62786747 -1.33904501 2.40966667
-0.67082458 -1.36872052 2.48110178
-0.64430520 -1.32810832 2.42599023
-0.79231692 -1.38937072 2.56471120
-0.60254323 -1.33100177 2.43376230
-0.73881056 -1.35768247 2.53254113
-0.82853012 -1.21333508 2.61669089
-0.49156163 -1.35501693 2.36993995
-0.51396542 -1.30391505 2.38576796
-0.74362355 -1.34408346 2.48893620
-0.88657206 -1.34764505 2.65831332
-0.62739744 -1.16229393 2.49228361
-0.51871131 -1.30899684 2.35545549
-0.76489904 -1.41320611 2.60589280
-0.62474582 -1.15612207 2.48975224
-0.79283884 -1.21042127 2.61917185
-0.64308101 -1.12301924 2.50282196
-0.89677742 -1.35971040 2.70553638
-0.85602016 -1.28496696 2.69379065
-0.58347259 -1.14141010 2.44872571
-0.87418571 -1.26557075 2.70798986
-0.63044996 -1.15182613 2.48687619
-0.68257791 -1.15498212 2.49722091
-0.87357332 -1.26499384 2.66472695
-0.95124021 -1.35166642 2.82951729
-0.86254330 -1.26902478 2.71086226
-0.85347390 -1.23878447 2.69737109
-1.16177249 -1.74209229 3.14391926
0.13775537 -1.93092520 3.53024633
-2.29406973 -1.32904471 2.93146582
-2.52584955 -1.24663577 2.88539469
-3.06035095 -0.25747502 1.50900386
-2.94206580 -0.27443539 1.57551735
-3.08047406 -0.21482661 1.52857062
-2.67696351 -0.10377672 1.22040530
-3.27184961 -0.11525393 1.44773308
-2.82793024 -0.09337299 1.26501853
-2.71577825 -0.36139333 1.75124991
-5.02439278 -0.89652819 3.87510580
-3.89728296 0.07045133 3.23865728
-3.81166152 0.12462596 3.10645505
-3.97595018 0.12796732 3.25494379
-4.16091339 0.30194412 3.23839528
-3.84134004 0.21709350 3.32639540
-3.90021113 0.29160865 3.29283550
-2.98286088 -0.25409293 1.55920692
-2.82042945 -0.09781357 1.26888473
-5.03140385 -0.89531357 3.87745511
-2.55953252 -0.08646311 1.86559552
-1.56570095 -0.49756349 2.44868887
-3.95919510 0.11589983 3.26039926
-4.04457973 0.08472856 3.43472490
-3.97323195 0.23844288 3.17418854
-3.82481742 0.26026197 3.24699454
-3.18305449 -0.14777019 1.47247326
-2.98885768 -0.19517193 1.60387611
-2.86354362 -0.21597806 1.68362557
-5.09933703 -0.87565346 3.88420648
-2.99168385 -0.11664999 1.64356078
-2.84476892 -0.13139827 1.66704528
-5.02169444 -0.73782696 3.97659501
-3.85324453 0.10198219 3.15758590
-3.93708785 0.10658282 3.26006528
-4.15355143 0.12867818 3.41387274
-4.02289965 0.25778722 3.17114912
-3.83368867 0.26704629 3.24102121
-4.01065076 0.29854243 3.30070045
-1.22812691 -1.71810573 3.13181386
-2.99659714 -0.11621398 1.63803092
-2.92334495 -0.08526770 1.63236119
-4.87853175 -0.77421300 3.97189161
-2.97809480 0.16256647 1.69341036
-3.81016799 0.08325408 3.16496712
-3.88291078 0.19136596 3.18827008
-3.98418254 0.28978605 3.30292879
-3.07171455 -0.07399106 1.60620477
-2.37247916 -0.13897927 2.07054136
-2.32167973 -0.05007955 2.15290312
-3.90247255 0.08121569 3.22333117
-4.13145331 0.37743234 3.11413097
-2.75241637 -0.26506288 1.75882875
-3.04700010 -0.08671756 1.61550104
-3.40410453 0.16480464 1.53164279
-3.75611197 0.06003670 3.17376431
-4.13429330 0.25133374 3.13452586
-4.11857230 0.27639889 3.15385445
-3.81899276 0.25874603 3.24606095
-3.96761714 0.28675919 3.29349229
-3.71796207 0.04282853 3.17455780
-3.91978575 0.29624400 3.14689694
-3.86084364 0.34276205 3.28420766
-3.88030813 0.26609094 3.14891549
0.56525306 -1.58349750 3.81350991
0.71243367 -1.53300978 3.58042506
0.70045601 -1.55697904 3.56722893
0.56000007 -1.61400597 3.71029352
0.57869069 -1.57284860 3.80025966
0.23381710 -1.97201632 3.62063889
0.29026280 -1.94962542 3.64606538
0.62954497 -1.60603942 3.57624538
0.53038526 -1.63635480 3.70806894
0.53293802 -1.63802211 3.73681145
0.57939173 -1.59056900 3.70186310
0.55345585 -1.59948465 3.74360487
0.70023427 -1.53788338 3.56326062
0.57808451 -1.59685101 3.72399812
0.70764544 -1.52959215 3.57797991
0.60305014 -1.57211480 3.70566962
0.56566439 -1.59870721 3.76977509
0.82544234 -1.48531944 3.44851265
0.67218684 -1.53445502 3.62493623
0.68405815 -1.52861492 3.62340950
0.61795401 -1.56489085 3.71912589
0.57530708 -1.56698852 3.77750468
0.56119611 -1.58052946 3.81280431
0.61034362 -1.54877429 3.74424836
0.59332115 -1.56519275 3.77981963
0.64806092 -1.53379857 3.70500265
0.62237661 -1.54672643 3.74062300
0.23573214 -1.97508266 3.62232661
0.28777900 -1.92814535 3.63735304
0.30615723 -1.91401045 3.63479928
0.63090337 -1.60601429 3.57678153
0.64192786 -1.60174871 3.57754180
0.56996169 -1.61064390 3.69181820
0.53431484 -1.63437602 3.73985226
0.57917643 -1.59721933 3.72364767
0.60254005 -1.57841117 3.69472797
0.57610768 -1.59966326 3.73752173
0.65617886 -1.55506321 3.63313587
0.56389721 -1.58880644 3.75195278
0.70807377 -1.52999511 3.57963794
0.82943549 -1.49028923 3.45166595
0.67216865 -1.53534606 3.62620134
0.54198243 -1.59739795 3.81939542
0.64349860 -1.53873616 3.70430204
0.55330155 -1.57500883 3.81353601
0.23823088 -1.98038233 3.61113318
0.27417720 -1.93953116 3.64129641
0.29085225 -1.93037588 3.63880195
0.62301063 -1.66168218 3.50950309
0.63811940 -1.61317829 3.57737896
0.53661246 -1.63775767 3.69612075
0.58086503 -1.61632967 3.66591157
0.62208034 -1.58743214 3.62896683
0.55181874 -1.61751092 3.71588663
0.59692978 -1.59438210 3.67226325
0.64421907 -1.57127650 3.62613763
0.70112628 -1.55340555 3.57001194
0.58008087 -1.59775171 3.72359979
0.65760078 -1.55415435 3.63348936
0.55842094 -1.59251046 3.76662970
0.61907757 -1.56420580 3.71875195
0.27266146 -1.98041298 3.58964869
0.23720949 -1.97799630 3.60753683
0.23419951 -1.97478318 3.62125562
0.27452103 -1.95810646 3.60329389
0.25797398 -1.95927230 3.62146970
0.29631099 -1.93283562 3.62009044
0.26678422 -1.93546053 3.63881437
0.66040849 -1.63572130 3.48857320
0.63698981 -1.61741937 3.55719560
0.64022861 -1.61029189 3.57608307
0.54537687 -1.63912083 3.69531491
0.62025121 -1.60767345 3.61539449
0.60035324 -1.60412696 3.65115422
0.63503272 -1.58410524 3.64229867
0.69475641 -1.54595438 3.56954526
0.65503151 -1.55191033 3.63208425
0.57320094 -1.59114344 3.73679468
-1.00100378 -1.18682775 3.06947692
0.27991713 -1.96123274 3.60331022
0.28723800 -1.92759036 3.61840408
0.29449050 -1.91080923 3.63213593
0.27989241 -1.91944171 3.65148652
0.62255110 -1.66455849 3.51298330
0.62790571 -1.65777204 3.51959790
0.66465254 -1.63874011 3.49113793
0.63091025 -1.61492228 3.55664346
0.61872685 -1.62799574 3.57524385
0.60901856 -1.61346775 3.62035595
0.59691185 -1.60479665 3.64919656
0.63170112 -1.58089204 3.61294600
0.63202441 -1.59216004 3.63665210
0.28085510 -1.96546540 3.60473291
0.62459518 -1.63468194 3.55608800
0.61756255 -1.62594012 3.57455843
0.60582333 -1.61204801 3.61882695
0.29441462 -1.92672637 3.62862359
0.66986117 -1.62701375 3.49319767
-2.33710656 -0.51407800 2.44795646
-4.02275956 2.22869589 1.62955170
-4.06670483 2.27388448 1.63111186
-2.68213871 -0.32668944 2.25181110
-3.88553418 2.14828290 1.62296727
-3.90918313 2.22842324 1.55315871
-3.69565137 1.94338915 1.78227122
-2.70657879 -0.31247655 2.23967464
-3.32670959 2.04219861 1.25917878
1.48388054 -2.66493421 4.17543324
-3.21307958 1.93346362 1.32093807
-5.38512992 1.20715699 1.05118908
-1.98505656 3.67682243 -1.91488928
-2.35262319 -0.48094862 2.34811910
-3.34667042 1.85939270 1.09001657
-7.73594869 5.88936510 -1.30928504
-3.73621280 2.23941012 0.76108859
-4.95166598 0.89730883 1.45581470
-4.05963648 2.53701502 0.54922624
0.13164774 -1.91561401 2.83876120
-154.33963874 85.85910769 -70.46367815
-20.89885267 10.36700054 -18.65894298
-0.97865221 -1.28422686 3.02929770
-9.78975472 3.82474325 -1.33039807
-3.29453565 0.01718991 1.95871922
-69.66757395 40.49108110 -29.17765315
-26.10508274 14.04085176 -8.45764471
-30.29576173 13.97424735 -24.58795002
-2.62194418 -0.32612284 2.20742636
-4.06236576 0.46019283 1.64341303
-78.39582415 44.85652132 -81.42793189
-1.39585222 -1.05028985 2.82428245
-25.82411176 12.43301453 -7.34726144
-82.68048119 48.56178195 -49.67154093
-53.06630976 27.62437198 -19.02336401
-30.87484027 17.02343740 -16.51437623
-9.47127056 3.40916096 -0.49607762
