Pose 00 (Image Frame 000)
Rotation:
[[1. 0. 0.]
 [0. 1. 0.]
 [0. 0. 1.]]
Translation:
[[0.]
 [0.]
 [0.]]
Camera Position:
[0. 0. 0.]

Pose 01 (Image Frame 004)
Rotation:
[[ 9.99940184e-01  1.85254861e-04 -1.09358903e-02]
 [-2.18116836e-04  9.99995465e-01 -3.00384952e-03]
 [ 1.09352843e-02  3.00605514e-03  9.99935690e-01]]
Translation:
[[ 0.00502631]
 [ 0.27373375]
 [-0.91570369]]
Camera Position:
[ 0.00504717 -0.27098079  0.91652202]

Pose 02 (Image Frame 007)
Rotation:
[[ 0.99629054  0.00395884 -0.08596218]
 [-0.00635493  0.99959835 -0.02761797]
 [ 0.08581832  0.02806181  0.99591553]]
Translation:
[[ 0.68602605]
 [ 0.90094309]
 [-1.38078801]]
Camera Position:
[-0.55925893 -0.86454969  1.45900274]

Pose 03 (Image Frame 012)
Rotation:
[[ 9.88480185e-01  8.19437327e-05 -1.51350313e-01]
 [-4.13313647e-03  9.99641524e-01 -2.64525990e-02]
 [ 1.51293890e-01  2.67734215e-02  9.88126178e-01]]
Translation:
[[ 0.48800618]
 [ 1.25182626]
 [-2.10000488]]
Camera Position:
[-0.15949256 -1.19519318  2.18204374]

Pose 04 (Image Frame 013)
Rotation:
[[ 0.98852267  0.00883486 -0.15081402]
 [-0.01342414  0.99947643 -0.02943917]
 [ 0.15047497  0.03112583  0.98812371]]
Translation:
[[ 0.53376 ]
 [ 1.237621]
 [-2.015163]]
Camera Position:
[-0.20778828 -1.17896508  2.10816336]

Pose 05 (Image Frame 014)
Rotation:
[[ 0.98852267  0.00883486 -0.15081402]
 [-0.01342414  0.99947643 -0.02943917]
 [ 0.15047497  0.03112583  0.98812371]]
Translation:
[[ 0.53376 ]
 [ 1.237621]
 [-2.015163]]
Camera Position:
[-0.20778828 -1.17896508  2.10816336]

Pose 06 (Image Frame 015)
Rotation:
[[ 0.98852267  0.00883486 -0.15081402]
 [-0.01342414  0.99947643 -0.02943917]
 [ 0.15047497  0.03112583  0.98812371]]
Translation:
[[ 0.53376 ]
 [ 1.237621]
 [-2.015163]]
Camera Position:
[-0.20778828 -1.17896508  2.10816336]

Pose 07 (Image Frame 016)
Rotation:
[[ 0.98852267  0.00883486 -0.15081402]
 [-0.01342414  0.99947643 -0.02943917]
 [ 0.15047497  0.03112583  0.98812371]]
Translation:
[[ 0.53376 ]
 [ 1.237621]
 [-2.015163]]
Camera Position:
[-0.20778828 -1.17896508  2.10816336]

Pose 08 (Image Frame 017)
Rotation:
[[ 0.98852267  0.00883486 -0.15081402]
 [-0.01342414  0.99947643 -0.02943917]
 [ 0.15047497  0.03112583  0.98812371]]
Translation:
[[ 0.53376 ]
 [ 1.237621]
 [-2.015163]]
Camera Position:
[-0.20778828 -1.17896508  2.10816336]

Pose 09 (Image Frame 018)
Rotation:
[[ 0.98852267  0.00883486 -0.15081402]
 [-0.01342414  0.99947643 -0.02943917]
 [ 0.15047497  0.03112583  0.98812371]]
Translation:
[[ 0.53376 ]
 [ 1.237621]
 [-2.015163]]
Camera Position:
[-0.20778828 -1.17896508  2.10816336]

Pose 10 (Image Frame 019)
Rotation:
[[ 0.98852267  0.00883486 -0.15081402]
 [-0.01342414  0.99947643 -0.02943917]
 [ 0.15047497  0.03112583  0.98812371]]
Translation:
[[ 0.53376 ]
 [ 1.237621]
 [-2.015163]]
Camera Position:
[-0.20778828 -1.17896508  2.10816336]

Pose 11 (Image Frame 020)
Rotation:
[[ 0.98852267  0.00883486 -0.15081402]
 [-0.01342414  0.99947643 -0.02943917]
 [ 0.15047497  0.03112583  0.98812371]]
Translation:
[[ 0.53376 ]
 [ 1.237621]
 [-2.015163]]
Camera Position:
[-0.20778828 -1.17896508  2.10816336]

Pose 12 (Image Frame 021)
Rotation:
[[ 0.98852267  0.00883486 -0.15081402]
 [-0.01342414  0.99947643 -0.02943917]
 [ 0.15047497  0.03112583  0.98812371]]
Translation:
[[ 0.53376 ]
 [ 1.237621]
 [-2.015163]]
Camera Position:
[-0.20778828 -1.17896508  2.10816336]

Pose 13 (Image Frame 022)
Rotation:
[[ 0.98852267  0.00883486 -0.15081402]
 [-0.01342414  0.99947643 -0.02943917]
 [ 0.15047497  0.03112583  0.98812371]]
Translation:
[[ 0.53376 ]
 [ 1.237621]
 [-2.015163]]
Camera Position:
[-0.20778828 -1.17896508  2.10816336]

Pose 14 (Image Frame 023)
Rotation:
[[ 0.98852267  0.00883486 -0.15081402]
 [-0.01342414  0.99947643 -0.02943917]
 [ 0.15047497  0.03112583  0.98812371]]
Translation:
[[ 0.53376 ]
 [ 1.237621]
 [-2.015163]]
Camera Position:
[-0.20778828 -1.17896508  2.10816336]

Pose 15 (Image Frame 024)
Rotation:
[[ 0.98852267  0.00883486 -0.15081402]
 [-0.01342414  0.99947643 -0.02943917]
 [ 0.15047497  0.03112583  0.98812371]]
Translation:
[[ 0.53376 ]
 [ 1.237621]
 [-2.015163]]
Camera Position:
[-0.20778828 -1.17896508  2.10816336]

Pose 16 (Image Frame 025)
Rotation:
[[ 0.98852267  0.00883486 -0.15081402]
 [-0.01342414  0.99947643 -0.02943917]
 [ 0.15047497  0.03112583  0.98812371]]
Translation:
[[ 0.53376 ]
 [ 1.237621]
 [-2.015163]]
Camera Position:
[-0.20778828 -1.17896508  2.10816336]

Pose 17 (Image Frame 026)
Rotation:
[[ 0.98852267  0.00883486 -0.15081402]
 [-0.01342414  0.99947643 -0.02943917]
 [ 0.15047497  0.03112583  0.98812371]]
Translation:
[[ 0.53376 ]
 [ 1.237621]
 [-2.015163]]
Camera Position:
[-0.20778828 -1.17896508  2.10816336]

Pose 18 (Image Frame 027)
Rotation:
[[ 0.98852267  0.00883486 -0.15081402]
 [-0.01342414  0.99947643 -0.02943917]
 [ 0.15047497  0.03112583  0.98812371]]
Translation:
[[ 0.53376 ]
 [ 1.237621]
 [-2.015163]]
Camera Position:
[-0.20778828 -1.17896508  2.10816336]

Pose 19 (Image Frame 028)
Rotation:
[[ 0.98852267  0.00883486 -0.15081402]
 [-0.01342414  0.99947643 -0.02943917]
 [ 0.15047497  0.03112583  0.98812371]]
Translation:
[[ 0.53376 ]
 [ 1.237621]
 [-2.015163]]
Camera Position:
[-0.20778828 -1.17896508  2.10816336]

Pose 20 (Image Frame 029)
Rotation:
[[ 0.98852267  0.00883486 -0.15081402]
 [-0.01342414  0.99947643 -0.02943917]
 [ 0.15047497  0.03112583  0.98812371]]
Translation:
[[ 0.53376 ]
 [ 1.237621]
 [-2.015163]]
Camera Position:
[-0.20778828 -1.17896508  2.10816336]

Pose 21 (Image Frame 030)
Rotation:
[[ 0.98852267  0.00883486 -0.15081402]
 [-0.01342414  0.99947643 -0.02943917]
 [ 0.15047497  0.03112583  0.98812371]]
Translation:
[[ 0.53376 ]
 [ 1.237621]
 [-2.015163]]
Camera Position:
[-0.20778828 -1.17896508  2.10816336]

Pose 22 (Image Frame 031)
Rotation:
[[ 0.98852267  0.00883486 -0.15081402]
 [-0.01342414  0.99947643 -0.02943917]
 [ 0.15047497  0.03112583  0.98812371]]
Translation:
[[ 0.53376 ]
 [ 1.237621]
 [-2.015163]]
Camera Position:
[-0.20778828 -1.17896508  2.10816336]

Pose 23 (Image Frame 032)
Rotation:
[[ 0.98407023  0.02541903 -0.17595354]
 [-0.02659958  0.99963669 -0.00435379]
 [ 0.17577894  0.00896473  0.98438884]]
Translation:
[[ 0.40817682]
 [ 1.33157505]
 [-2.31645284]]
Camera Position:
[ 0.04092831 -1.32070035  2.35790789]

Pose 24 (Image Frame 035)
Rotation:
[[ 0.95149403  0.03094485 -0.30610706]
 [-0.03933211  0.99899982 -0.02126828]
 [ 0.30514275  0.03227648  0.95175949]]
Translation:
[[ 0.84757319]
 [ 1.22551282]
 [-1.62551472]]
Camera Position:
[-0.26224479 -1.19804922  1.83261175]

Pose 25 (Image Frame 045)
Rotation:
[[ 0.83838317  0.12810807 -0.52981315]
 [-0.18966397  0.9798123  -0.06320949]
 [ 0.5110198   0.15348023  0.84575563]]
Translation:
[[2.2267778 ]
 [0.92308992]
 [0.21073563]]
Camera Position:
[-1.79950622 -1.22206682  1.05989335]

Pose 26 (Image Frame 052)
Rotation:
[[ 0.97912709  0.07462891 -0.18905202]
 [-0.13761403  0.92793137 -0.34641846]
 [ 0.14957447  0.36520391  0.91883273]]
Translation:
[[1.3141042 ]
 [0.70305839]
 [0.82211539]]
Camera Position:
[-1.3128918  -1.05069986 -0.26340007]

Pose 27 (Image Frame 062)
Rotation:
[[ 0.81473965  0.18560961 -0.54931627]
 [-0.35444515  0.90918972 -0.21850102]
 [ 0.45887682  0.37272393  0.80654134]]
Translation:
[[ 2.40797496]
 [-0.15293402]
 [ 1.2258509 ]]
Camera Position:
[-2.57859397 -0.76480122  0.30062417]

Pose 28 (Image Frame 067)
Rotation:
[[ 0.66346302  0.13677146 -0.73560206]
 [-0.34370557  0.92899045 -0.13727062]
 [ 0.66459259  0.34390451  0.66335992]]
Translation:
[[2.23522135]
 [0.56140403]
 [0.96381001]]
Camera Position:
[-1.93056999 -1.15871209  1.08194478]

Pose 29 (Image Frame 077)
Rotation:
[[ 0.47063407  0.14646942 -0.87008636]
 [-0.07984893  0.98914909  0.12332163]
 [ 0.87870798  0.01143611  0.47722269]]
Translation:
[[ 2.55855895]
 [-0.26476657]
 [ 0.77024631]]
Camera Position:
[-1.90210793 -0.12166565  1.89123967]

Pose 30 (Image Frame 087)
Rotation:
[[ 0.29289763  0.19929052 -0.93514398]
 [-0.08138099  0.97968402  0.18329309]
 [ 0.95267419  0.02241683  0.30316559]]
Translation:
[[ 2.63938766]
 [-0.23227693]
 [ 0.7375202 ]]
Camera Position:
[-1.49458979 -0.3149798   2.28719149]

Pose 31 (Image Frame 089)
Rotation:
[[ 0.20823929  0.26413916 -0.94173611]
 [-0.04110979  0.9643565   0.26139344]
 [ 0.97721358 -0.01571781  0.21167562]]
Translation:
[[ 2.64197397]
 [ 0.15342674]
 [-0.40447156]]
Camera Position:
[-0.14860034 -0.85216426  2.53355432]

Pose 32 (Image Frame 093)
Rotation:
[[ 0.21474785  0.30381301 -0.92821388]
 [-0.06644847  0.95272961  0.29646398]
 [ 0.97440647 -0.00198661  0.22478455]]
Translation:
[[ 3.11452567]
 [ 0.30253004]
 [-1.22496277]]
Camera Position:
[ 0.54487661 -1.23689628  3.07660941]

Pose 33 (Image Frame 097)
Rotation:
[[-0.60108936  0.32014706 -0.73225504]
 [-0.19499843  0.82981003  0.52286799]
 [ 0.77502722  0.45707897 -0.43636181]]
Translation:
[[ 4.03403162]
 [-0.48750155]
 [ 2.20998124]]
Camera Position:
[ 0.61695585 -1.89708563  4.17319034]

Pose 34 (Image Frame 099)
Rotation:
[[-0.71593063  0.33590848 -0.61205296]
 [-0.16675619  0.7690071   0.61710651]
 [ 0.67796438  0.54386908 -0.49454092]]
Translation:
[[ 3.5919666 ]
 [-1.27245428]
 [ 3.64414235]]
Camera Position:
[-0.11118945 -2.20998199  4.78589114]

Pose 35 (Image Frame 109)
Rotation:
[[-0.98395165  0.12474024 -0.12758929]
 [-0.03718525  0.55599864  0.83035099]
 [ 0.17451765  0.82176966 -0.54243729]]
Translation:
[[ 1.5677726 ]
 [-2.59146684]
 [ 4.79783184]]
Camera Position:
[ 0.60894176 -2.69742494  4.95438092]

Pose 36 (Image Frame 113)
Rotation:
[[-0.92807819 -0.11547551  0.35402865]
 [ 0.22943266  0.57151324  0.78786628]
 [-0.29331132  0.81242724 -0.50391511]]
Translation:
[[-1.20914539]
 [-2.58724686]
 [ 5.01984375]]
Camera Position:
[ 0.94379446 -2.73923868  4.9960518 ]

Pose 37 (Image Frame 118)
Rotation:
[[-0.29511026 -0.39511677  0.86993832]
 [ 0.51345164  0.7022672   0.49314116]
 [-0.80577748  0.59220227 -0.0043729 ]]
Translation:
[[-3.82006218]
 [-1.33563361]
 [ 2.9790938 ]]
Camera Position:
[ 1.95893044 -2.33562504  3.99490166]

Pose 38 (Image Frame 127)
Rotation:
[[-0.32371444 -0.51460945  0.79396856]
 [ 0.61061551  0.5273797   0.5907786 ]
 [-0.72274315  0.67605308  0.14350808]]
Translation:
[[-3.81831648]
 [-2.08094238]
 [ 3.18458672]]
Camera Position:
[ 2.33624973 -3.02044463  3.80398553]

Pose 39 (Image Frame 131)
Rotation:
[[-0.63327574 -0.27268072  0.72429764]
 [ 0.54677639  0.50469653  0.6680696 ]
 [-0.5477202   0.81910112 -0.17051669]]
Translation:
[[-2.70458915]
 [-2.71738202]
 [ 4.60914553]]
Camera Position:
[ 2.29757175 -3.14139228  4.56026409]

Pose 40 (Image Frame 134)
Rotation:
[[-0.68107285 -0.17904849  0.70998691]
 [ 0.46866137  0.63840351  0.61057144]
 [-0.56258002  0.74858707 -0.35088619]]
Translation:
[[-2.37129676]
 [-1.64078503]
 [ 4.58711684]]
Camera Position:
[ 1.73456702 -2.81095054  4.29496207]

Pose 41 (Image Frame 135)
Rotation:
[[-0.63868307 -0.21401216  0.73910942]
 [ 0.43843995  0.68814592  0.57812247]
 [-0.63234037  0.69329213 -0.34567567]]
Translation:
[[-2.7933786 ]
 [-1.06380732]
 [ 3.6434321 ]]
Camera Position:
[ 0.98622124 -2.39172512  3.93906919]

