# X Y Z
0.000000 0.000000 0.000000
0.339404 0.542021 -0.768777
0.372464 0.134856 -1.681534
0.557122 0.325302 -2.645708
0.754001 0.119404 -3.604272
1.007249 0.067952 -4.570304
1.284423 0.043786 -5.530820
1.667342 -0.070937 -6.447450
2.024186 0.452247 -7.221363
2.414036 1.227620 -7.718166
2.760712 1.154417 -8.653290
3.187856 0.495840 -9.272825
3.819972 0.753143 -10.003732
3.820686 0.312857 -10.901590
4.231533 -0.397293 -11.473334
4.215123 -1.364700 -11.726028
4.173350 -1.812168 -12.619352
4.117847 -1.542549 -11.657986
4.128510 -1.543055 -12.657929
3.899488 -1.744898 -11.705664
4.192634 -2.091764 -12.596590
4.439927 -2.076620 -13.565412
4.806106 -2.568751 -14.355172
4.555695 -3.479522 -14.683486
4.967805 -3.567870 -15.590327
4.909797 -4.565706 -15.621265
4.551061 -5.498942 -15.601754
4.003688 -5.122282 -14.854419
3.645080 -6.029662 -15.073645
3.820686 -6.900329 -15.533104
4.310802 -6.950308 -16.403327
4.400172 -7.945049 -16.353297
4.456453 -8.901144 -16.640898
4.375470 -9.892181 -16.747139
4.592221 -10.865559 -16.821673
4.374118 -11.836055 -16.924476
4.531745 -12.773384 -17.235230
4.587599 -13.725050 -17.537243
4.330238 -14.691343 -17.543887
4.216398 -15.677736 -17.662496
4.375760 -16.614570 -17.973858
4.260981 -17.584818 -18.187038
4.051998 -18.545724 -18.005420
4.467516 -17.710468 -18.365549
4.502819 -16.717089 -18.474873
4.276805 -17.666768 -18.258012
4.715950 -16.840578 -18.610947
4.491241 -15.871973 -18.717296
4.671795 -14.889557 -18.764821
5.050285 -13.990033 -18.546642
5.473446 -13.193593 -18.114649
5.841693 -12.302543 -18.380023
6.127666 -11.347739 -18.298976
5.595991 -12.073426 -17.862284
6.445374 -11.584411 -18.060812
6.509909 -10.590801 -18.153413
5.763761 -10.012916 -17.822790
5.735079 -9.060033 -18.124771
5.802701 -8.068528 -18.235875
5.986763 -7.115430 -17.995614
6.052906 -6.129080 -18.146408
6.082232 -5.134885 -18.042892
6.431813 -4.205665 -17.923126
6.531972 -5.121971 -17.535375
7.388257 -5.062171 -18.048406
8.266631 -5.222686 -18.498622
8.964652 -4.871194 -19.122497
9.742904 -4.336063 -19.451066
8.877592 -4.831064 -19.529862
9.002346 -5.726240 -19.957761
9.897129 -5.360196 -20.213449
10.142259 -4.458431 -20.569442
9.188841 -4.328552 -20.297181
9.103705 -3.982056 -19.363001
8.741039 -3.981569 -20.294920
7.934260 -3.391210 -20.270774
7.671284 -4.143211 -19.666342
7.262097 -5.013106 -19.390937
8.138070 -5.476681 -19.524243
8.089162 -6.466497 -19.390560
8.120466 -7.464913 -19.437304
8.944067 -7.792418 -18.974248
9.877703 -8.140192 -18.888349
9.663887 -9.110200 -19.003965
10.582931 -8.841859 -18.715257
11.420841 -8.883674 -18.171053
12.063778 -8.578333 -17.468629
12.692291 -8.323700 -16.733692
13.023327 -8.664762 -15.853867
13.418885 -8.269338 -15.024907
13.206530 -7.376904 -14.626829
13.832705 -8.142461 -14.774565
14.522074 -8.531928 -14.163756
15.008829 -8.613930 -13.294076
14.045137 -8.880941 -13.295269
13.655166 -9.105366 -14.188329
13.534714 -8.240730 -13.700583
12.993482 -8.455622 -14.513535
13.198528 -8.967598 -13.679367
13.264135 -9.200509 -12.709084
13.496661 -10.172860 -12.730643
13.885253 -11.013387 -13.108149
14.360303 -11.510075 -13.834529
14.042172 -10.573674 -13.686389
14.254172 -11.528315 -13.895477
14.595428 -12.353079 -14.346373
14.744803 -13.308404 -14.601407
15.282706 -13.737778 -15.326872
15.476566 -14.460993 -15.989728
15.181480 -14.440052 -15.034486
14.777654 -13.526195 -15.076770
15.183911 -14.319312 -15.530554
15.450674 -15.195144 -15.932741
15.935449 -15.739592 -16.617263
15.783826 -16.170657 -15.727772
15.803855 -15.790130 -16.652325
15.015500 -15.268171 -16.326661
14.670890 -14.510437 -15.772510
14.305498 -13.830080 -15.137213
14.166150 -13.093138 -14.475776
13.914526 -12.604940 -13.640104
13.341097 -12.062349 -13.026284
13.106470 -12.057646 -12.054210
13.333222 -12.865841 -12.597722
13.742607 -13.651192 -13.062079
