# X Y Z
0.000000 0.000000 0.000000
-0.335092 -0.528243 0.780175
-0.344690 -0.094231 1.681030
-0.502286 -0.250523 2.656088
-0.655700 -0.005014 3.613266
-0.849450 0.091464 4.589561
-1.042909 0.169317 5.567576
-1.306951 0.340296 6.516811
-1.536582 -0.132936 7.367294
-1.827329 -0.863834 7.984753
-1.914743 -0.721270 8.970671
-2.114935 -0.021751 9.656671
-2.460029 -0.237094 10.570201
-2.074627 0.204527 11.380408
-2.120956 0.923165 12.074248
-1.924556 1.871228 12.324452
-1.316106 2.222000 13.036314
-1.960116 2.048742 12.291175
-1.202715 1.960361 12.938115
-1.838842 2.243017 12.220169
-1.215841 2.523859 12.950235
-0.462601 2.472009 13.605935
0.117948 2.964019 14.254694
0.467149 3.893905 14.139066
1.207196 4.061042 14.790522
1.111314 5.054501 14.728515
1.066341 5.989224 14.375996
0.477797 5.555323 13.693833
0.695492 6.485231 13.397388
1.045411 7.377415 13.682982
1.760170 7.512533 14.369176
1.550899 8.488801 14.424924
1.661969 9.477073 14.529717
1.630498 10.474263 14.461730
1.468305 11.444043 14.643994
1.520585 12.419676 14.430907
1.536648 13.402197 14.616366
1.549370 14.400134 14.679284
1.543264 15.329908 14.311204
1.531448 16.311948 14.122902
1.458677 17.299761 14.260493
1.510541 18.290147 14.132255
1.359423 19.183340 13.708736
1.513829 18.411457 14.325465
1.741185 17.450736 14.484598
1.439460 18.344795 14.153510
1.820537 17.571984 14.660997
2.180105 16.671789 14.415316
2.443890 15.711659 14.507876
2.420984 14.747216 14.771172
2.203007 13.846693 15.147398
2.674992 12.975035 15.279469
2.792713 11.992546 15.423889
2.124377 12.718459 15.261475
2.707877 12.117872 15.808123
2.769647 11.129423 15.669728
2.019207 10.716859 15.153366
2.082242 9.774619 14.824414
2.032594 8.787255 14.673921
1.767553 7.837345 14.839523
1.692246 6.856069 14.662248
1.382626 5.905515 14.638129
1.301711 4.937970 14.877524
1.298792 5.828866 15.331721
2.229034 5.532328 15.547857
3.185784 5.453444 15.827870
4.022584 4.908959 15.770413
4.666170 4.166092 15.954661
4.248426 4.885689 15.399980
4.872666 5.655190 15.265105
5.597682 5.050221 15.594294
6.188546 4.257060 15.446728
5.332701 4.019294 14.987384
4.914311 3.244361 15.461124
5.028294 3.749538 14.605668
4.385249 3.423361 13.912775
3.857541 3.894693 14.619437
3.484852 4.690057 15.097452
4.413499 4.956374 15.355695
4.519902 5.828440 15.833376
4.640007 6.790552 16.078150
5.591660 7.051843 16.239652
6.403425 7.549341 15.933818
6.234875 8.391614 16.445840
6.944615 8.433599 15.742628
7.768217 8.700559 15.242216
8.554600 8.568006 14.638866
9.331306 8.477664 14.015515
10.308058 8.673258 13.927779
11.071393 8.304672 13.397246
11.197012 7.343746 13.150587
11.316149 8.320664 12.973277
12.054161 8.870500 12.582100
12.924781 9.049807 12.123984
13.165380 8.801309 13.062259
12.593142 8.984431 13.861640
12.874534 8.111195 13.463801
12.847239 8.214079 14.458120
13.042501 8.766597 13.647813
13.198536 9.015913 12.692044
12.952826 9.985256 12.693338
12.589719 10.830012 13.086454
12.313596 11.401565 13.859165
12.614321 10.474580 13.634973
12.389170 11.422002 13.862345
12.121121 12.253689 14.348603
11.962295 13.211738 14.587175
11.579890 13.643341 15.404173
11.492435 14.405075 16.046134
11.501004 14.352190 15.047570
11.987049 13.482887 14.957726
11.700623 14.260202 15.517852
11.507050 15.136972 15.958084
11.230653 15.761636 16.688427
10.994496 16.233783 15.839128
11.276968 15.909439 16.741908
12.022743 15.416381 16.293897
12.306640 14.670977 15.690760
12.639578 13.975677 15.053805
12.743151 13.256017 14.367248
12.905879 12.699840 13.552271
13.362130 12.159303 12.845408
13.226545 12.071231 11.858565
13.104261 12.916405 12.378879
12.800221 13.711534 12.903598
