STAGE 6 - TASK 2
FEATURE TRACKING BETWEEN KEYFRAMES
======================================================================

Keyframes Processed : 42
Keyframe Pairs      : 41

GOOD MATCHES
Minimum : 0
Maximum : 296
Average : 44.61

GEOMETRIC INLIERS
Minimum : 0
Maximum : 192
Average : 30.39

TRACKING RATIO
Minimum : 0.000
Maximum : 0.959
Average : 0.416

PAIR RESULTS
Frame1 Frame2 GoodMatches Inliers Outliers TrackingRatio
0 4 75 68 7 0.9067
4 7 73 70 3 0.9589
7 12 34 31 3 0.9118
12 13 14 8 6 0.5714
13 14 2 0 2 0.0000
14 15 1 0 1 0.0000
15 16 2 0 2 0.0000
16 17 2 0 2 0.0000
17 18 3 0 3 0.0000
18 19 1 0 1 0.0000
19 20 14 8 6 0.5714
20 21 11 7 4 0.6364
21 22 0 0 0 0.0000
22 23 0 0 0 0.0000
23 24 0 0 0 0.0000
24 25 0 0 0 0.0000
25 26 0 0 0 0.0000
26 27 0 0 0 0.0000
27 28 0 0 0 0.0000
28 29 0 0 0 0.0000
29 30 0 0 0 0.0000
30 31 0 0 0 0.0000
31 32 26 23 3 0.8846
32 35 78 62 16 0.7949
35 45 117 68 49 0.5812
45 52 74 44 30 0.5946
52 62 296 192 104 0.6486
62 67 68 45 23 0.6618
67 77 234 163 71 0.6966
77 87 77 46 31 0.5974
87 89 30 17 13 0.5667
89 93 54 37 17 0.6852
93 97 37 25 12 0.6757
97 99 69 47 22 0.6812
99 109 126 93 33 0.7381
109 113 76 43 33 0.5658
113 118 32 21 11 0.6562
118 127 76 46 30 0.6053
127 131 75 51 24 0.6800
131 134 25 14 11 0.5600
134 135 27 17 10 0.6296
