
Keyframe 0
Rotation:
[[1. 0. 0.]
 [0. 1. 0.]
 [0. 0. 1.]]
Translation:
[[0.]
 [0.]
 [0.]]
Camera Position:
[0. 0. 0.]

Keyframe 1
Rotation:
[[ 0.999835  0.006122 -0.017077]
 [-0.006149  0.99998  -0.001525]
 [ 0.017067  0.00163   0.999853]]
Translation:
[[ 0.164462]
 [ 0.243464]
 [-0.955865]]
Camera Position:
[-0.146624 -0.242908  0.958904]

Keyframe 2
Rotation:
[[ 0.99487   0.016359 -0.099833]
 [-0.019367  0.999385 -0.029243]
 [ 0.099294  0.031026  0.994574]]
Translation:
[[ 0.968393]
 [ 0.866068]
 [-1.277731]]
Camera Position:
[-0.819781 -0.841733  1.392803]

Keyframe 3
Rotation:
[[ 0.988523  0.008835 -0.150814]
 [-0.013424  0.999476 -0.029439]
 [ 0.150475  0.031126  0.988124]]
Translation:
[[ 0.53376 ]
 [ 1.237621]
 [-2.015163]]
Camera Position:
[-0.207788 -1.178966  2.108163]

Keyframe 4
Rotation:
[[ 0.988523  0.008835 -0.150814]
 [-0.013424  0.999476 -0.029439]
 [ 0.150475  0.031126  0.988124]]
Translation:
[[ 0.53376 ]
 [ 1.237621]
 [-2.015163]]
Camera Position:
[-0.207788 -1.178966  2.108163]

Keyframe 5
Rotation:
[[ 0.988523  0.008835 -0.150814]
 [-0.013424  0.999476 -0.029439]
 [ 0.150475  0.031126  0.988124]]
Translation:
[[ 0.53376 ]
 [ 1.237621]
 [-2.015163]]
Camera Position:
[-0.207788 -1.178966  2.108163]

Keyframe 6
Rotation:
[[ 0.988523  0.008835 -0.150814]
 [-0.013424  0.999476 -0.029439]
 [ 0.150475  0.031126  0.988124]]
Translation:
[[ 0.53376 ]
 [ 1.237621]
 [-2.015163]]
Camera Position:
[-0.207788 -1.178966  2.108163]

Keyframe 7
Rotation:
[[ 0.988523  0.008835 -0.150814]
 [-0.013424  0.999476 -0.029439]
 [ 0.150475  0.031126  0.988124]]
Translation:
[[ 0.53376 ]
 [ 1.237621]
 [-2.015163]]
Camera Position:
[-0.207788 -1.178966  2.108163]

Keyframe 8
Rotation:
[[ 0.988523  0.008835 -0.150814]
 [-0.013424  0.999476 -0.029439]
 [ 0.150475  0.031126  0.988124]]
Translation:
[[ 0.53376 ]
 [ 1.237621]
 [-2.015163]]
Camera Position:
[-0.207788 -1.178966  2.108163]

Keyframe 9
Rotation:
[[ 0.988523  0.008835 -0.150814]
 [-0.013424  0.999476 -0.029439]
 [ 0.150475  0.031126  0.988124]]
Translation:
[[ 0.53376 ]
 [ 1.237621]
 [-2.015163]]
Camera Position:
[-0.207788 -1.178966  2.108163]

Keyframe 10
Rotation:
[[ 0.988523  0.008835 -0.150814]
 [-0.013424  0.999476 -0.029439]
 [ 0.150475  0.031126  0.988124]]
Translation:
[[ 0.53376 ]
 [ 1.237621]
 [-2.015163]]
Camera Position:
[-0.207788 -1.178966  2.108163]

Keyframe 11
Rotation:
[[ 0.988523  0.008835 -0.150814]
 [-0.013424  0.999476 -0.029439]
 [ 0.150475  0.031126  0.988124]]
Translation:
[[ 0.53376 ]
 [ 1.237621]
 [-2.015163]]
Camera Position:
[-0.207788 -1.178966  2.108163]

Keyframe 12
Rotation:
[[ 0.988523  0.008835 -0.150814]
 [-0.013424  0.999476 -0.029439]
 [ 0.150475  0.031126  0.988124]]
Translation:
[[ 0.53376 ]
 [ 1.237621]
 [-2.015163]]
Camera Position:
[-0.207788 -1.178966  2.108163]

Keyframe 13
Rotation:
[[ 0.988523  0.008835 -0.150814]
 [-0.013424  0.999476 -0.029439]
 [ 0.150475  0.031126  0.988124]]
Translation:
[[ 0.53376 ]
 [ 1.237621]
 [-2.015163]]
Camera Position:
[-0.207788 -1.178966  2.108163]

Keyframe 14
Rotation:
[[ 0.988523  0.008835 -0.150814]
 [-0.013424  0.999476 -0.029439]
 [ 0.150475  0.031126  0.988124]]
Translation:
[[ 0.53376 ]
 [ 1.237621]
 [-2.015163]]
Camera Position:
[-0.207788 -1.178966  2.108163]

Keyframe 15
Rotation:
[[ 0.988523  0.008835 -0.150814]
 [-0.013424  0.999476 -0.029439]
 [ 0.150475  0.031126  0.988124]]
Translation:
[[ 0.53376 ]
 [ 1.237621]
 [-2.015163]]
Camera Position:
[-0.207788 -1.178966  2.108163]

Keyframe 16
Rotation:
[[ 0.988523  0.008835 -0.150814]
 [-0.013424  0.999476 -0.029439]
 [ 0.150475  0.031126  0.988124]]
Translation:
[[ 0.53376 ]
 [ 1.237621]
 [-2.015163]]
Camera Position:
[-0.207788 -1.178966  2.108163]

Keyframe 17
Rotation:
[[ 0.988523  0.008835 -0.150814]
 [-0.013424  0.999476 -0.029439]
 [ 0.150475  0.031126  0.988124]]
Translation:
[[ 0.53376 ]
 [ 1.237621]
 [-2.015163]]
Camera Position:
[-0.207788 -1.178966  2.108163]

Keyframe 18
Rotation:
[[ 0.988523  0.008835 -0.150814]
 [-0.013424  0.999476 -0.029439]
 [ 0.150475  0.031126  0.988124]]
Translation:
[[ 0.53376 ]
 [ 1.237621]
 [-2.015163]]
Camera Position:
[-0.207788 -1.178966  2.108163]

Keyframe 19
Rotation:
[[ 0.988523  0.008835 -0.150814]
 [-0.013424  0.999476 -0.029439]
 [ 0.150475  0.031126  0.988124]]
Translation:
[[ 0.53376 ]
 [ 1.237621]
 [-2.015163]]
Camera Position:
[-0.207788 -1.178966  2.108163]

Keyframe 20
Rotation:
[[ 0.988523  0.008835 -0.150814]
 [-0.013424  0.999476 -0.029439]
 [ 0.150475  0.031126  0.988124]]
Translation:
[[ 0.53376 ]
 [ 1.237621]
 [-2.015163]]
Camera Position:
[-0.207788 -1.178966  2.108163]

Keyframe 21
Rotation:
[[ 0.988523  0.008835 -0.150814]
 [-0.013424  0.999476 -0.029439]
 [ 0.150475  0.031126  0.988124]]
Translation:
[[ 0.53376 ]
 [ 1.237621]
 [-2.015163]]
Camera Position:
[-0.207788 -1.178966  2.108163]

Keyframe 22
Rotation:
[[ 0.988523  0.008835 -0.150814]
 [-0.013424  0.999476 -0.029439]
 [ 0.150475  0.031126  0.988124]]
Translation:
[[ 0.53376 ]
 [ 1.237621]
 [-2.015163]]
Camera Position:
[-0.207788 -1.178966  2.108163]

Keyframe 23
Rotation:
[[ 0.988523  0.008835 -0.150814]
 [-0.013424  0.999476 -0.029439]
 [ 0.150475  0.031126  0.988124]]
Translation:
[[ 0.53376 ]
 [ 1.237621]
 [-2.015163]]
Camera Position:
[-0.207788 -1.178966  2.108163]

Keyframe 24
Rotation:
[[ 0.95938   0.006995 -0.282031]
 [-0.021716  0.998558 -0.049104]
 [ 0.28128   0.053234  0.958148]]
Translation:
[[ 0.998549]
 [ 1.038483]
 [-0.947468]]
Camera Position:
[-0.668932 -0.993532  1.24043 ]

Keyframe 25
Rotation:
[[ 0.862215  0.086755 -0.499057]
 [-0.162019  0.980701 -0.109435]
 [ 0.479932  0.175214  0.859631]]
Translation:
[[1.949278]
 [1.047914]
 [0.172188]]
Camera Position:
[-1.593554 -1.226969  0.939463]

Keyframe 26
Rotation:
[[ 0.96716   0.080147 -0.2412  ]
 [-0.154164  0.93947  -0.305991]
 [ 0.202076  0.333126  0.920974]]
Translation:
[[1.543179]
 [0.517075]
 [0.526428]]
Camera Position:
[-1.519166 -0.784825  0.045608]

Keyframe 27
Rotation:
[[ 0.808314  0.201184 -0.553311]
 [-0.370887  0.903882 -0.213166]
 [ 0.457243  0.377522  0.805237]]
Translation:
[[ 2.385671]
 [-0.067628]
 [ 0.935917]]
Camera Position:
[-2.381395 -0.772159  0.551968]

Keyframe 28
Rotation:
[[ 0.656824  0.150416 -0.738889]
 [-0.360112  0.923507 -0.132117]
 [ 0.662496  0.35286   0.660748]]
Translation:
[[2.268158]
 [0.57137 ]
 [0.740939]]
Camera Position:
[-1.774893 -1.13028   1.26183 ]

Keyframe 29
Rotation:
[[ 0.494288  0.144678 -0.857174]
 [-0.126803  0.987506  0.093555]
 [ 0.86      0.062449  0.506458]]
Translation:
[[ 2.433608]
 [-0.073531]
 [ 0.526091]]
Camera Position:
[-1.664665 -0.312331  1.826463]

Keyframe 30
Rotation:
[[ 0.292835  0.213559 -0.932009]
 [-0.126069  0.974852  0.183765]
 [ 0.947816  0.063684  0.312394]]
Translation:
[[ 2.720788]
 [-0.07288 ]
 [ 0.157559]]
Camera Position:
[-0.955267 -0.520034  2.499971]

Keyframe 31
Rotation:
[[ 0.205782  0.2649   -0.942062]
 [-0.085095  0.963863  0.252443]
 [ 0.974891  0.028216  0.220887]]
Translation:
[[ 2.741936]
 [ 0.141373]
 [-0.540589]]
Camera Position:
[-0.025195 -0.84735   2.666795]

Keyframe 32
Rotation:
[[ 0.207944  0.270127 -0.940101]
 [-0.097382  0.962053  0.254894]
 [ 0.973281  0.038545  0.226359]]
Translation:
[[ 3.131482]
 [ 0.324146]
 [-1.447098]]
Camera Position:
[ 0.788825 -1.101964  3.188851]

Keyframe 33
Rotation:
[[-0.585851  0.265869 -0.765567]
 [-0.224102  0.854673  0.468309]
 [ 0.778818  0.445924 -0.441129]]
Translation:
[[ 4.028398]
 [-0.374747]
 [ 1.838501]]
Camera Position:
[ 0.844202 -1.570572  4.07052 ]

Keyframe 34
Rotation:
[[-0.703528  0.289585 -0.648991]
 [-0.19737   0.797671  0.569883]
 [ 0.682711  0.52902  -0.504028]]
Translation:
[[ 3.53527 ]
 [-1.045331]
 [ 3.283353]]
Camera Position:
[ 0.039262 -1.926891  4.544976]

Keyframe 35
Rotation:
[[-0.998647  0.043458 -0.028574]
 [ 0.005808  0.639129  0.769077]
 [ 0.051685  0.76787  -0.638517]]
Translation:
[[ 1.177696]
 [-2.303634]
 [ 4.757812]]
Camera Position:
[ 0.943576 -2.232243  4.843266]

Keyframe 36
Rotation:
[[-0.773132 -0.248302  0.583621]
 [ 0.304405  0.662003  0.684901]
 [-0.556421  0.707176 -0.436231]]
Translation:
[[-1.724088]
 [-2.178469]
 [ 4.587093]]
Camera Position:
[ 1.882548 -2.229823  4.499281]

Keyframe 37
Rotation:
[[-0.256117 -0.472503  0.843294]
 [ 0.564605  0.63499   0.527266]
 [-0.784618  0.61117   0.104146]]
Translation:
[[-3.648676]
 [-1.397054]
 [ 2.68554 ]]
Camera Position:
[ 1.961417 -2.478216  3.533838]

Keyframe 38
Rotation:
[[-0.294648 -0.552101  0.779979]
 [ 0.612252  0.517618  0.597678]
 [-0.73371   0.653648  0.18551 ]]
Translation:
[[-3.777405]
 [-2.391523]
 [ 3.306863]]
Camera Position:
[ 2.777488 -3.009137  3.762203]

Keyframe 39
Rotation:
[[-0.665562 -0.255117  0.701386]
 [ 0.596031  0.383921  0.705232]
 [-0.449193  0.887423 -0.103465]]
Translation:
[[-2.431737]
 [-3.392257]
 [ 4.730679]]
Camera Position:
[ 2.528408 -3.516135  4.587376]

Keyframe 40
Rotation:
[[-0.706387 -0.169869  0.68714 ]
 [ 0.524292  0.526627  0.669165]
 [-0.475537  0.832952 -0.282942]]
Translation:
[[-2.165428]
 [-2.249306]
 [ 4.494975]]
Camera Position:
[ 1.787189 -2.927391  4.264926]

Keyframe 41
Rotation:
[[-0.668315 -0.212203  0.712969]
 [ 0.499121  0.582754  0.641308]
 [-0.551573  0.784454 -0.283549]]
Translation:
[[-2.598784]
 [-1.669651]
 [ 3.532576]]
Camera Position:
[ 1.045024 -2.349615  3.92527 ]
