# X Y Z
0.000000 0.000000 0.000000
0.086450 0.110461 0.990114
-0.029631 -0.064331 1.967852
-0.229270 -0.505645 2.842716
-0.528834 -0.899892 3.711526
-0.668257 -1.226592 4.646314
-1.074300 -1.489372 5.521571
-1.044625 -1.794229 6.473507
-1.328687 -1.711742 7.428758
-1.368010 -2.578376 7.926150
-1.069321 -2.721352 8.869730
-1.025843 -3.446378 9.557079
-0.807587 -3.661158 10.509042
-0.864911 -3.903227 11.477606
-0.864911 -3.903227 11.477606
-0.864911 -3.903227 11.477606
-0.864911 -3.903227 11.477606
-0.864911 -3.903227 11.477606
-0.864911 -3.903227 11.477606
-0.864911 -3.903227 11.477606
-1.372690 -3.212544 11.992500
-0.874169 -2.538794 12.537972
-0.874169 -2.538794 12.537972
-0.874169 -2.538794 12.537972
-0.874169 -2.538794 12.537972
-0.874169 -2.538794 12.537972
-0.874169 -2.538794 12.537972
-0.874169 -2.538794 12.537972
-0.874169 -2.538794 12.537972
-0.874169 -2.538794 12.537972
-0.874169 -2.538794 12.537972
-0.874169 -2.538794 12.537972
-0.267010 -2.884194 13.253553
0.278189 -2.053018 13.144451
0.264400 -1.517601 12.299976
0.959451 -1.760293 12.976737
1.535384 -2.216986 13.654772
1.699320 -1.482197 12.996585
1.118742 -1.052851 12.304782
0.163620 -1.067219 12.008918
-0.658578 -0.731110 11.549548
-0.705487 0.199890 11.911539
0.144947 -0.080356 12.356762
-0.366074 0.368686 11.623810
-0.106582 0.623724 10.692349
-0.680307 1.008826 9.969483
-1.326043 1.416284 9.323726
-1.895499 1.504614 8.506463
-1.348211 1.200577 7.726696
-1.655495 2.077069 8.097288
-2.198241 2.849464 8.427186
-2.754930 3.416561 7.820146
-2.582402 2.493583 7.476134
-2.611787 3.490256 7.400113
-2.522833 4.138213 6.643648
-2.177343 4.645171 5.853946
-2.965888 4.032203 5.903616
-2.450395 4.027214 6.760495
-2.080684 3.716032 7.635983
-2.825059 3.931397 8.268062
-2.466136 3.809491 9.193434
-3.185336 4.053868 9.843843
-3.847327 4.004421 10.591722
-4.421406 3.874072 11.400079
-4.661336 4.196300 12.315832
-5.542085 4.638824 12.147146
-5.379049 3.896605 12.797169
-4.427886 3.730057 13.057075
-3.491628 4.065140 12.951520
-4.136615 4.828778 12.922376
-4.211733 4.277208 13.753115
-3.537187 3.732729 14.251643
-4.287045 4.391962 14.195762
-3.557282 3.792543 13.866912
-4.355148 4.215528 13.437387
-4.863842 5.060371 13.603133
-4.634633 4.091864 13.505879
-3.977877 3.401810 13.201747
-3.459586 2.644684 12.804085
-3.171449 1.687127 12.811902
-3.056543 0.694711 12.855560
-2.891546 -0.276261 13.028738
-2.420004 -1.154301 12.946928
-2.136223 -1.962021 13.463703
-1.713230 -2.863138 13.368493
-1.310509 -3.705467 13.010304
-1.260776 -4.682481 13.217597
-0.414807 -5.040103 12.822068
0.405932 -5.255107 12.292766
1.065106 -5.671527 11.666599
0.407438 -5.426767 12.379036
1.000530 -5.731150 11.633654
1.273643 -5.179214 10.845761
1.298572 -6.160839 11.034948
1.565550 -7.038221 11.433600
1.115625 -7.288142 10.576216
1.581596 -8.168202 10.484752
1.888530 -8.851390 9.822147
1.552394 -7.926419 9.999464
1.853746 -7.217811 9.361450
2.188709 -6.601780 8.648494
2.636298 -5.961956 8.023762
3.334388 -5.585116 7.414942
2.824498 -6.133545 8.077693
3.097903 -7.033101 8.418353
2.732919 -7.626547 9.135715
2.297685 -8.267691 9.767780
2.352110 -7.269399 9.746523
1.832049 -6.817579 10.471365
1.270915 -7.263181 11.168909
0.864696 -7.962171 11.757466
0.290206 -7.903448 12.573869
-0.269459 -8.227020 13.336808
-0.468611 -9.188307 13.146374
-0.747871 -10.035751 12.694874
-0.892365 -10.897070 12.207789
-0.326801 -10.693421 11.408625
0.251580 -10.441821 10.632626
-0.364689 -11.064302 11.115048
-1.285604 -11.191873 11.483344
-1.891409 -11.681850 12.110180
-2.444062 -12.458016 12.413726
-2.940236 -13.149438 12.938844
-3.605929 -13.486036 13.604842
-4.508716 -13.512505 13.175569
-5.188859 -13.948488 13.764911
-6.085355 -14.224174 14.111742
-6.847188 -13.855406 13.579181
-7.750780 -14.189114 13.847809
-8.683907 -14.460309 14.083872
-9.294759 -13.776796 13.684284
-9.353805 -13.294473 14.558285
-8.913880 -12.910924 15.370292
-8.515229 -12.357961 14.638644
-7.648599 -12.142577 14.188574
-6.775277 -11.830276 13.814705
-6.184144 -11.150183 13.381076
-5.701642 -10.288181 13.536462
-4.985396 -10.130105 12.856753
-4.225639 -9.650385 12.417848
-4.043322 -10.480858 11.891468
