7.087385 1.894956 18.885706
5.775814 -0.694188 20.403276
-1.700411 -0.740021 11.090942
7.602837 1.941057 19.765886
0.412750 -4.655427 13.546464
4.886513 -5.779335 18.929956
7.200028 1.943811 19.133881
7.087638 1.896222 18.900610
6.030128 -6.906101 19.870493
5.143244 -6.045945 19.876307
4.346442 1.813631 18.029348
3.667279 -5.484158 17.481125
7.550655 2.035090 20.228931
16.724672 -8.000982 23.766415
7.633432 2.002589 19.922731
2.388241 -1.638946 15.179622
29.970884 -5.499010 40.044781
0.803560 2.051126 13.217482
6.715778 -0.764058 23.855003
0.409926 -4.551453 13.262630
6.015961 -0.753811 21.161669
3.265189 -3.711447 16.868027
5.972198 -0.747645 21.046593
2.407640 -1.643237 15.276368
-1.645332 -2.272054 11.160646
19.316837 -5.665472 28.631769
15.375161 -8.441406 25.900906
17.095623 -8.571054 25.837221
11.661593 -6.817451 26.322166
15.534068 -0.995618 25.565611
9.745160 -3.854429 23.272165
18.642048 -8.533724 24.332699
16.802683 -7.760303 26.554047
5.002733 1.910382 17.205500
4.651502 -0.762719 20.400074
1.636422 -4.583539 15.073681
8.665820 -3.436333 20.601398
0.026009 -3.666928 12.205366
2.735640 -1.679682 15.191256
4.005270 1.661914 16.553162
11.870451 -1.267900 30.669348
-1.742522 -0.755576 11.354023
22.576805 -10.584617 35.688225
16.782831 -4.868493 24.800980
2.299170 -3.687490 15.586683
8.214799 1.483311 17.325338
28.014448 -14.103415 42.231277
4.424626 -3.679825 17.440947
-2.098142 -1.140839 11.117023
2.437841 -1.676200 15.630397
3.222383 -3.676930 16.720354
-1.845776 -3.911084 11.772075
2.287430 -3.516755 15.319242
4.520792 -0.745485 19.820251
7.839864 -3.187536 19.080381
5.365302 2.046664 18.473148
4.284579 2.157502 19.998859
6.284919 -0.789050 21.532639
8.467924 3.962433 19.690855
-0.815752 1.749202 11.724227
5.725546 -5.602274 20.527164
10.412230 -6.923807 24.959579
3.244298 -3.883751 16.837183
-0.805273 1.750298 11.860953
10.109665 -7.207477 25.242416
2.985461 -1.848463 15.097100
4.397952 -5.179454 17.797729
12.126342 2.853109 27.405846
8.495834 0.697819 22.094416
21.613396 3.029050 31.269640
0.837476 -4.304208 13.723087
1.674962 -0.174274 3.612125
9.020972 4.226716 20.940990
20.695795 4.838079 30.458681
4.170063 1.817721 17.398493
15.940124 -7.379474 21.639248
17.893938 -5.319998 26.603149
2.536967 -3.535586 15.571927
2.666365 -3.627618 15.532179
0.045985 -4.117356 13.797010
5.792140 -0.733278 20.354002
-2.065603 -1.110471 11.078146
2.796245 -1.697213 15.353036
-2.093311 -1.118415 11.213358
17.398495 -5.039082 25.714407
4.833895 -0.690067 19.743919
24.102865 3.246655 34.948704
8.374348 3.907464 20.248592
2.879869 -1.749943 15.951390
8.921371 -3.554002 21.257673
0.812977 -3.007616 12.984058
2.509850 -3.814775 15.766633
17.546568 -8.096846 27.770687
1.278732 -3.349597 13.819774
14.741609 -1.440818 30.179859
4.855905 1.812832 16.800850
4.835304 -5.738877 18.939665
-0.124417 -3.398180 12.540469
11.965078 -8.464981 27.463781
1.230342 1.757073 12.853239
10.249374 4.270876 22.035440
22.142464 6.515491 29.036293
12.054282 -1.114322 28.939209
3.321152 1.641708 15.072238
6.324282 -5.712367 20.489218
22.575777 5.300570 33.120922
2.512862 -3.447994 15.347190
4.585315 -0.751482 20.185019
16.857115 -3.309706 23.554399
15.995512 -9.034706 30.010185
3.211178 -4.894717 16.001471
8.768561 4.352062 20.647015
22.914385 -10.869249 34.170425
18.183813 -8.365139 28.832806
-1.228161 -3.259106 12.005317
1.037746 2.892480 13.089722
23.179710 -8.824616 40.605370
13.313023 -1.497417 34.157402
8.766933 1.561817 18.571077
1.177253 -4.498922 15.054162
6.895381 -0.912793 23.864151
-0.656893 -2.414649 12.056629
8.488748 3.909389 20.334244
2.260052 -2.353945 14.927687
-0.671597 -3.933232 12.405312
3.802496 1.634617 15.811352
2.976212 -1.848626 15.512698
-1.683228 -2.347142 11.392573
14.988179 -2.976103 21.154125
4.368006 -0.705799 19.150240
15.429574 -9.242437 29.161814
2.908693 -1.790034 14.975080
22.620668 -6.835421 33.766273
9.827755 4.098536 21.078339
3.376276 1.705759 15.316946
9.232998 -3.830811 22.987066
3.479675 -4.049449 17.428913
-1.617281 -2.316065 11.418256
8.332118 3.824174 19.937414
8.416218 -3.409347 20.460562
19.358160 -9.308076 27.478636
-1.651647 -2.293337 11.228631
-0.796597 1.634416 11.504236
0.998117 2.883737 13.137894
1.205529 -4.530848 15.299504
7.209064 2.073918 19.581987
3.434669 -3.970840 17.896368
0.693432 -3.214981 13.134256
8.157687 -3.258464 19.265726
0.766448 -3.123391 13.246272
26.178835 -14.197390 44.053249
12.993819 -6.752817 20.458992
-0.682556 -3.977777 12.531861
5.010131 -0.710874 20.560442
1.069385 1.733286 13.200134
11.054256 -4.411953 26.439102
8.444210 -5.964301 20.903431
8.108113 0.670197 21.043159
8.827090 0.760616 22.918463
5.128234 -0.816554 22.538013
14.148045 -1.110877 30.629982
1.391801 -4.388030 14.538716
-0.184037 -3.753165 13.091552
12.871688 -1.277625 26.464220
1.054841 0.770945 13.775130
2.778098 -1.678648 15.348837
-1.590835 -2.284991 11.286537
5.692072 -5.500940 20.326382
12.280871 -8.767659 28.208679
10.378688 -4.200445 25.243229
3.216457 -3.702879 16.047033
3.789029 1.636566 15.710472
1.031619 2.893288 13.080562
2.291509 -3.670693 15.487895
1.172793 -4.277749 14.515532
10.083064 1.883781 21.328039
2.668795 -1.679568 14.820525
10.800292 2.355067 24.180828
1.299938 -4.259409 14.046484
14.316727 -0.779131 22.773481
8.528484 4.362381 19.306757
0.607842 -3.305791 13.307345
10.132567 -3.959267 23.688595
3.209058 -1.579744 4.958457
3.378187 1.699424 15.362646
11.138737 -1.242641 28.753294
3.118951 -3.593972 15.536810
1.000309 1.732861 13.104715
9.967601 -3.968006 23.563190
2.443624 -3.953367 16.616608
-1.253238 -3.260867 11.882842
7.485989 0.634739 19.428961
18.976910 -1.622370 40.993752
0.054562 -3.689475 12.322160
1.157679 -4.246970 14.303822
9.360516 -6.668994 23.333076
1.039950 2.824746 12.722850
9.439107 -6.669955 23.389730
2.440946 -3.784441 15.935506
23.140375 8.287560 30.945501
-1.728972 -1.043597 11.133908
14.523673 1.391611 33.557198
4.989679 1.912888 17.043766
8.357696 -5.906462 20.713482
1.291714 1.793141 13.396583
7.817955 4.905508 18.634167
0.851687 -3.303734 13.539778
8.874009 -3.484331 20.793459
1.592342 -4.422485 14.486634
0.840532 -3.312188 13.527905
2.382117 -3.783931 15.964457
20.651426 2.783992 29.934826
1.311467 1.660123 13.238108
0.806955 2.061913 13.314461
2.346534 -3.809620 16.027035
-1.788313 -1.094019 11.278131
-1.595034 -2.270308 11.216349
12.644793 -8.531591 30.091150
8.873322 -3.685830 22.011093
1.938683 -0.956357 3.154879
9.095048 4.289548 21.127068
1.344460 -3.521659 14.561150
3.115261 -3.720176 16.217985
11.366744 4.773774 24.566982
2.359371 -3.559277 14.713408
4.073420 1.714302 16.834202
1.369038 -4.508435 14.941424
2.932713 -1.851633 15.142948
9.863428 -0.855787 23.803242
11.342371 -7.816996 27.653046
3.463024 -4.025648 17.273781
3.635841 -2.524496 16.906921
12.784841 -9.109581 29.177679
8.257056 2.156620 21.560394
0.679873 -3.287170 13.420409
1.162328 -3.432635 14.110332
-0.657276 -3.864707 12.215433
1.008822 1.713701 12.851375
20.998964 -4.098231 29.266279
10.750227 4.506133 23.096035
11.936497 -8.128186 29.300468
2.569627 -3.562408 15.730983
11.985973 3.651893 28.098352
9.319971 -3.843208 23.201998
6.811490 2.070133 18.148241
1.167483 -3.510215 14.406110
8.159302 4.067076 18.774860
2.356602 -3.652216 15.420074
2.778971 -1.683455 15.364556
24.762299 5.891176 36.218746
8.169378 1.942852 21.900576
-1.284528 -4.129138 12.116058
7.769363 -5.496081 19.327253
11.275259 -1.046904 27.157194
11.400565 -7.688792 27.620201
2.635676 -1.687854 14.916392
-0.129991 -3.414526 12.580431
20.690142 -9.906432 29.314970
21.788662 -2.189319 44.844128
1.168285 -4.377778 14.673237
11.295705 2.052185 23.989809
0.668257 -3.000148 13.010926
3.712480 1.614807 15.449330
13.680657 1.341037 31.692408
1.230984 1.741145 12.847541
13.328151 -8.999698 31.451876
3.918747 4.148125 15.079150
8.248181 5.632449 20.913149
9.056144 4.244761 21.024981
3.290395 -5.025352 15.975694
0.822847 -3.286293 13.421133
-1.260566 -3.180442 11.688658
-1.741001 -1.047657 11.178280
23.277708 5.565711 34.008659
9.479362 -3.714957 22.146103
-1.315608 -4.200659 12.390467
12.469903 2.747615 28.186836
2.768958 -1.701457 14.420273
9.986591 -4.156213 23.700949
11.463393 -8.137840 26.205612
7.742813 -0.895047 27.710411
1.187551 -3.382457 13.998159
21.332911 -12.858979 40.508003
8.412557 0.750245 18.193655
8.439906 -3.249985 19.680489
-0.337880 -1.076252 12.424971
-0.673004 -2.340874 11.796022
22.983902 5.499839 33.551716
-1.307614 -4.171143 12.328997
8.678856 1.353771 18.637493
11.488797 -8.168697 26.370075
-1.311041 -3.431932 12.150858
-1.345276 -3.522251 12.492584
0.011826 -3.918668 13.032555
9.998416 2.963532 23.135153
3.257839 -4.911925 15.654489
22.595406 7.228262 29.498955
10.903407 -1.296304 28.191601
-1.825735 -1.111144 11.455512
1.085948 1.799976 13.621661
11.914130 -1.363024 30.747377
-0.782873 1.714173 11.754064
2.633008 -4.088912 16.811579
22.855536 5.370512 33.782585
3.120807 -3.512540 16.033480
8.197108 5.125576 19.553381
8.628671 0.709519 18.660213
1.368404 -3.553705 14.657970
9.727222 -6.866145 24.061691
1.225611 -2.616421 13.631739
13.307646 -1.508637 34.396729
17.834671 4.268446 25.183462
22.288492 7.081796 29.615612
0.698390 -3.269091 13.922233
1.645435 -0.171168 3.541669
29.643778 -6.264471 41.633881
1.223328 1.954198 12.967817
8.421197 5.072138 19.974785
18.188959 5.285963 23.786243
7.919125 -5.368793 19.367371
5.997159 4.239621 16.842899
-0.283768 2.174168 12.537420
11.477492 -1.073393 27.494814
13.557542 -9.180562 32.004421
-0.677593 -2.345170 11.878241
9.938730 -4.108057 23.640888
3.340744 -5.164203 16.749725
4.069697 -0.637473 17.690334
-1.286580 -4.111944 12.180469
3.531042 -2.502987 16.863789
11.072744 2.739082 26.951963
8.460683 5.765253 21.450134
7.327509 4.967047 18.489119
7.380665 4.976847 18.637075
15.950585 1.784258 36.160900
1.323776 1.629093 13.201960
9.496162 4.077547 19.795660
16.550018 -6.174427 28.719225
7.904342 5.404589 20.006727
21.910805 7.831071 29.229122
2.292112 -3.704901 15.587453
-1.655929 -2.264938 11.155479
1.031334 1.718950 12.997823
8.542768 5.354378 20.317869
3.095159 -4.151344 17.668144
11.446245 -6.446836 21.284264
-0.121703 -3.490853 12.152178
2.210602 -3.490283 14.758233
3.387661 -3.870950 17.626648
1.164362 -3.496164 14.342094
25.382591 -5.433547 36.061062
11.218757 2.718813 27.153517
-1.255280 -3.184769 11.680587
21.313131 -12.904505 40.521553
8.231465 4.092671 18.946718
10.070677 4.690697 21.106272
1.139904 1.732482 13.381816
0.364848 -0.146216 0.909502
-1.677292 -2.283892 11.266139
1.117327 1.683986 13.084092
12.043384 2.990204 29.203663
-1.280176 -3.339194 12.069730
1.656932 -0.206815 3.616369
1.106014 -2.940255 12.771225
26.780123 6.472414 39.062904
0.800536 2.007611 12.957607
1.648881 -0.675511 2.336088
9.250695 5.573353 21.917933
1.242921 -0.572400 2.873244
0.345440 -0.102809 5.004784
-0.386941 2.558328 12.028257
5.834533 4.282653 17.120897
17.638197 -8.668029 22.827827
-1.352900 -4.117877 12.155836
8.675264 4.317288 19.913021
0.693625 -3.309921 13.526718
9.718678 4.693235 21.913342
0.652702 -0.133594 1.590336
0.488655 -0.062917 1.040325
8.339489 4.034169 18.781033
8.280587 4.048300 18.720657
21.516809 3.266767 30.725412
0.616411 -1.754060 7.668480
10.780287 1.014683 24.790417
21.051178 6.209376 27.618917
0.908585 0.059371 1.250013
0.870823 1.757550 12.963402
3.683905 -2.638912 17.728899
0.483204 -0.295824 1.257425
0.708580 0.125002 1.239231
0.188720 -0.910996 3.009049
