7.087368 1.894943 18.885652
5.775833 -0.694187 20.403305
-1.700406 -0.740020 11.090890
7.602776 1.941049 19.765706
0.412747 -4.655443 13.546499
51.966087 -5.828944 112.676770
4.886553 -5.779393 18.930111
7.199967 1.943789 19.133702
7.087591 1.896210 18.900493
6.030077 -6.906044 19.870337
5.143276 -6.045980 19.876414
4.346465 1.813649 18.029447
3.667309 -5.484217 17.481279
7.550630 2.035085 20.228832
16.724915 -8.001086 23.766746
7.633487 2.002596 19.922879
2.388246 -1.638947 15.179667
29.970859 -5.499019 40.044743
0.803564 2.051128 13.217492
6.715849 -0.764064 23.855257
0.409923 -4.551472 13.262664
6.015932 -0.753796 21.161543
3.265198 -3.711456 16.868096
5.972170 -0.747650 21.046477
2.407633 -1.643233 15.276353
-1.645343 -2.272066 11.160689
19.316562 -5.665406 28.631373
15.375063 -8.441350 25.900757
17.095742 -8.571107 25.837428
11.661437 -6.817353 26.321838
15.534036 -0.995628 25.565542
9.745287 -3.854483 23.272439
18.641773 -8.533601 24.332346
16.802817 -7.760363 26.554242
5.002725 1.910377 17.205450
4.651477 -0.762718 20.399941
1.636431 -4.583563 15.073739
8.665867 -3.436351 20.601517
0.026014 -3.666914 12.205341
2.735639 -1.679674 15.191234
4.005262 1.661913 16.553137
11.870501 -1.267920 30.669454
-1.742518 -0.755575 11.353978
22.577146 -10.584767 35.688804
16.782837 -4.868500 24.800990
2.299159 -3.687483 15.586628
22.153659 -2.506781 47.815894
8.214778 1.483304 17.325297
28.015153 -14.103757 42.232348
4.424643 -3.679848 17.441050
-2.098154 -1.140845 11.117091
2.437837 -1.676193 15.630383
3.222391 -3.676944 16.720445
-1.845780 -3.911089 11.772080
2.287419 -3.516750 15.319201
4.520775 -0.745489 19.820176
7.839825 -3.187529 19.080286
5.365276 2.046664 18.473075
4.284602 2.157518 19.998929
6.284954 -0.789054 21.532746
8.467989 3.962468 19.691019
-0.815749 1.749201 11.724256
5.725560 -5.602281 20.527219
10.412258 -6.923823 24.959635
3.244299 -3.883759 16.837199
-0.805277 1.750292 11.860924
10.109666 -7.207482 25.242414
2.985462 -1.848467 15.097092
4.397985 -5.179496 17.797879
12.126175 2.853072 27.405452
8.495816 0.697812 22.094337
21.613542 3.029067 31.269846
-107.247572 21.686155 -155.865359
0.837478 -4.304205 13.723074
1.674963 -0.174276 3.612129
9.021030 4.226754 20.941136
20.695523 4.838009 30.458295
4.170080 1.817727 17.398552
125.260270 -13.692954 272.087256
15.940261 -7.379546 21.639447
17.893968 -5.320013 26.603219
2.536943 -3.535566 15.571820
2.666375 -3.627635 15.532251
0.045983 -4.117325 13.796914
5.792190 -0.733280 20.354164
-2.065615 -1.110472 11.078188
2.796241 -1.697208 15.353048
-2.093320 -1.118425 11.213401
17.398370 -5.039053 25.714227
4.833876 -0.690071 19.743871
24.102598 3.246635 34.948296
8.374351 3.907471 20.248624
2.879847 -1.749926 15.951292
8.921365 -3.553991 21.257640
0.812969 -3.007592 12.983972
2.509842 -3.814764 15.766548
49.523306 -9.787152 69.617045
56.865729 -11.077299 78.691684
17.546744 -8.096940 27.770952
135.228233 -26.447411 186.870211
1.278732 -3.349606 13.819794
14.741726 -1.440838 30.180075
4.855893 1.812835 16.800807
4.835257 -5.738823 18.939484
-0.124414 -3.398170 12.540411
11.964992 -8.464914 27.463575
1.230347 1.757080 12.853258
23.486123 -2.861673 59.246666
-408.046545 62.776000 -598.733818
10.249321 4.270855 22.035314
22.142375 6.515473 29.036178
12.054359 -1.114337 28.939426
3.321155 1.641704 15.072244
6.324270 -5.712337 20.489138
22.576016 5.300627 33.121254
2.512880 -3.448016 15.347304
4.585302 -0.751488 20.184974
16.857122 -3.309705 23.554418
15.995776 -9.034849 30.010701
71.018908 -14.213915 100.125062
3.211183 -4.894724 16.001502
8.768492 4.352020 20.646837
22.914528 -10.869323 34.170689
18.183855 -8.365146 28.832894
-1.228170 -3.259120 12.005355
156.237542 -17.226302 340.104908
46.195764 -9.118030 63.825097
1.037738 2.892475 13.089714
23.179802 -8.824624 40.605511
-268.144177 52.225508 -372.710721
13.312901 -1.497412 34.157093
8.766872 1.561808 18.570943
1.177250 -4.498926 15.054200
6.895440 -0.912804 23.864368
-0.656890 -2.414640 12.056569
8.488754 3.909386 20.334252
2.260061 -2.353960 14.927784
-0.671590 -3.933215 12.405272
3.802489 1.634616 15.811331
2.976194 -1.848620 15.512588
-1.683231 -2.347154 11.392614
14.988170 -2.976105 21.154131
4.367977 -0.705784 19.150080
15.429663 -9.242476 29.161994
2.908709 -1.790035 14.975142
22.620275 -6.835305 33.765676
9.827669 4.098492 21.078165
1706.978852 -346.688822 2468.474320
3.376281 1.705751 15.316934
9.233054 -3.830841 22.987181
3.479690 -4.049455 17.428976
-1.617294 -2.316078 11.418310
8.332096 3.824155 19.937350
8.416241 -3.409362 20.460630
19.358060 -9.308025 27.478472
-1.651655 -2.293338 11.228650
-0.796596 1.634422 11.504243
0.998120 2.883742 13.137897
1.205544 -4.530872 15.299610
7.209031 2.073918 19.581916
3.434658 -3.970826 17.896266
0.693426 -3.214972 13.134232
8.157753 -3.258484 19.265882
0.766446 -3.123392 13.246279
26.179502 -14.197745 44.054409
12.993730 -6.752763 20.458869
-0.682559 -3.977765 12.531814
5.010154 -0.710885 20.560509
1.069379 1.733278 13.200115
11.054136 -4.411906 26.438829
8.444190 -5.964287 20.903389
8.108015 0.670197 21.042930
8.827120 0.760624 22.918527
5.128276 -0.816557 22.538198
14.147889 -1.110875 30.629652
1.391790 -4.388015 14.538658
-0.184041 -3.753192 13.091638
12.871762 -1.277639 26.464352
1.054840 0.770941 13.775173
2.778080 -1.678635 15.348765
-1.590834 -2.284986 11.286514
5.692128 -5.500994 20.326564
12.280694 -8.767539 28.208296
10.378596 -4.200392 25.242974
3.216440 -3.702858 16.046932
3.789051 1.636575 15.710591
1.031609 2.893263 13.080477
2.291517 -3.670700 15.487924
1.172797 -4.277737 14.515485
10.083120 1.883788 21.328146
2.668808 -1.679574 14.820631
10.800239 2.355062 24.180710
1.299939 -4.259441 14.046568
20.330614 -2.444714 51.166189
14.316637 -0.779124 22.773334
8.528523 4.362389 19.306831
0.607836 -3.305783 13.307283
10.132650 -3.959305 23.688788
3.209068 -1.579750 4.958474
3.378202 1.699429 15.362730
11.138729 -1.242628 28.753234
22.675664 -2.818406 57.375726
3.118958 -3.593993 15.536866
1.000306 1.732854 13.104625
9.967690 -3.968027 23.563389
2.443647 -3.953387 16.616706
-1.253243 -3.260885 11.882897
7.486048 0.634745 19.429093
29.070344 -4.236776 72.516197
18.977257 -1.622417 40.994484
0.054561 -3.689472 12.322139
1.157687 -4.246978 14.303855
9.360560 -6.669035 23.333177
70.706717 -14.307345 102.749529
1.039953 2.824767 12.722923
9.439205 -6.670035 23.389964
38.480644 -8.760302 57.049674
2.440957 -3.784449 15.935532
23.140299 8.287516 30.945406
-1.728970 -1.043587 11.133862
14.523867 1.391610 33.557618
4.989660 1.912877 17.043669
8.357777 -5.906526 20.713681
1.291701 1.793130 13.396504
7.817921 4.905484 18.634093
41.080210 -5.217182 101.446198
0.851683 -3.303731 13.539749
8.873910 -3.484282 20.793223
1.592356 -4.422510 14.486706
0.840530 -3.312169 13.527858
2.382102 -3.783903 15.964341
20.651257 2.783960 29.934579
1.311470 1.660124 13.238150
56.615279 -11.381965 79.721402
0.806959 2.061920 13.314512
2.346553 -3.809645 16.027139
-1.788301 -1.094018 11.278070
-1.595025 -2.270293 11.216295
12.644964 -8.531693 30.091569
8.873392 -3.685873 22.011298
64.292734 -12.625994 88.879086
29.998589 -1.631344 47.787783
1.938685 -0.956359 3.154879
9.095154 4.289585 21.127286
1.344448 -3.521647 14.561096
3.115245 -3.720163 16.217941
11.366724 4.773771 24.566933
2.359372 -3.559286 14.713448
4.073447 1.714318 16.834295
1.369042 -4.508430 14.941397
2.932688 -1.851614 15.142844
9.863545 -0.855805 23.803509
11.342266 -7.816920 27.652788
3.463014 -4.025647 17.273787
3.635869 -2.524516 16.907063
12.784838 -9.109553 29.177639
8.257021 2.156617 21.560298
0.679880 -3.287192 13.420483
1.162322 -3.432631 14.110337
-0.657273 -3.864718 12.215475
1.008830 1.713699 12.851404
20.998622 -4.098172 29.265830
10.750162 4.506097 23.095871
11.936338 -8.128076 29.300075
2.569643 -3.562426 15.731084
11.985871 3.651861 28.098162
9.319907 -3.843186 23.201828
6.811474 2.070117 18.148178
1.167482 -3.510226 14.406175
8.159263 4.067053 18.774792
2.356598 -3.652214 15.420084
2.778970 -1.683452 15.364543
24.762088 5.891118 36.218429
8.169312 1.942835 21.900413
-1.284520 -4.129124 12.116014
7.769410 -5.496118 19.327359
11.275208 -1.046898 27.157094
11.400475 -7.688739 27.619991
2.635671 -1.687847 14.916360
25.701680 -2.162804 55.622271
56.305433 -26.849381 84.316342
-0.129986 -3.414513 12.580375
20.690188 -9.906461 29.315062
21.788609 -2.189328 44.844015
1.168283 -4.377762 14.673192
11.295683 2.052190 23.989780
0.668258 -3.000161 13.010966
3.712487 1.614809 15.449393
13.680433 1.341028 31.691872
1.230982 1.741144 12.847557
13.328268 -8.999788 31.452133
3.918746 4.148130 15.079170
8.248260 5.632504 20.913334
9.056116 4.244739 21.024935
3.290409 -5.025372 15.975739
0.822846 -3.286277 13.421061
-1.260567 -3.180441 11.688646
-1.740995 -1.047652 11.178277
23.278131 5.565831 34.009277
9.479411 -3.714969 22.146224
-1.315606 -4.200641 12.390402
12.470046 2.747639 28.187127
2.768949 -1.701449 14.420217
9.986469 -4.156169 23.700673
11.463283 -8.137765 26.205338
7.742929 -0.895069 27.710784
1.187561 -3.382479 13.998262
21.333191 -12.859113 40.508514
33.128398 -2.743991 80.830697
8.412616 0.750241 18.193786
8.439886 -3.249973 19.680428
-0.337885 -1.076261 12.424997
-12.166568 2.775450 -18.045705
-0.673004 -2.340883 11.796067
22.983580 5.499754 33.551232
-1.307620 -4.171167 12.329056
8.678844 1.353769 18.637485
11.488960 -8.168801 26.370422
54.354269 -10.892992 76.459860
-1.311054 -3.431946 12.150917
-1.345287 -3.522255 12.492625
0.011831 -3.918699 13.032641
9.998502 2.963556 23.135390
3.257826 -4.911908 15.654451
22.595827 7.228386 29.499489
10.903405 -1.296292 28.191554
99.026990 -19.297916 137.843697
-1.825741 -1.111147 11.455537
1.085956 1.799981 13.621727
11.914251 -1.363039 30.747639
-0.782879 1.714176 11.754112
2.633004 -4.088909 16.811559
22.855720 5.370576 33.782881
3.120830 -3.512562 16.033593
8.197022 5.125532 19.553180
8.628689 0.709525 18.660241
1.368403 -3.553690 14.657945
9.727265 -6.866185 24.061790
1.225608 -2.616415 13.631727
13.307854 -1.508659 34.397290
17.834803 4.268491 25.183649
22.288098 7.081650 29.615077
0.698391 -3.269086 13.922179
1.645439 -0.171168 3.541674
29.643817 -6.264459 41.633929
1.223324 1.954191 12.967730
8.421122 5.072092 19.974617
18.188835 5.285914 23.786066
7.919166 -5.368813 19.367472
0.027361 0.087467 0.023854
5.997129 4.239608 16.842813
78.695671 -12.074491 196.721350
-0.283772 2.174180 12.537477
11.477463 -1.073382 27.494735
13.557542 -9.180573 32.004388
-0.677593 -2.345172 11.878262
9.938842 -4.108099 23.641160
3.340732 -5.164183 16.749625
4.069690 -0.637470 17.690297
-1.286583 -4.111964 12.180528
-0.071114 -0.025805 0.238181
3.531015 -2.502973 16.863663
-522.875706 78.882768 -1309.707627
11.072769 2.739085 26.952004
0.209830 -0.158609 0.459420
8.460629 5.765225 21.449995
-0.035963 0.003913 0.187275
7.327470 4.967019 18.489030
7.380728 4.976882 18.637200
15.950728 1.784273 36.161192
-1.087373 0.169710 -2.618649
36.948357 -7.803081 51.555286
1.323775 1.629092 13.201989
9.496178 4.077544 19.795690
16.549889 -6.174391 28.719018
7.904285 5.404552 20.006594
21.910977 7.831110 29.229323
2.292092 -3.704876 15.587362
-1.655932 -2.264941 11.155471
1.031338 1.718959 12.997837
8.542854 5.354433 20.318061
3.095180 -4.151381 17.668289
11.446244 -6.446820 21.284237
-0.121701 -3.490874 12.152230
2.210591 -3.490278 14.758186
-73.670999 8.556649 -159.225716
3.387661 -3.870945 17.626664
0.396105 0.462380 -1.023379
1.164356 -3.496156 14.342085
25.382161 -5.433447 36.060442
11.218670 2.718803 27.153278
-1.255273 -3.184756 11.680549
0.419231 0.303924 -1.867892
21.312732 -12.904273 40.520839
8.231468 4.092680 18.946724
10.070735 4.690730 21.106376
1.139913 1.732491 13.381854
0.364848 -0.146216 0.909502
-1.677297 -2.283899 11.266187
1.117329 1.683993 13.084163
0.221207 0.178333 -0.505837
12.043206 2.990159 29.203270
-1.280178 -3.339189 12.069707
1.656933 -0.206813 3.616366
0.100767 0.201229 -0.433300
1.106007 -2.940250 12.771183
26.780492 6.472484 39.063447
0.800535 2.007628 12.957683
0.166403 0.200127 -0.703537
-0.006334 0.121434 -0.055613
1.648879 -0.675511 2.336087
9.250660 5.573340 21.917881
0.087649 -0.069246 -0.128527
1.242921 -0.572398 2.873244
0.330228 0.032261 0.557847
0.345440 -0.102809 5.004789
26.111272 -4.739301 67.501161
0.611278 0.695943 -1.735092
-0.386947 2.558332 12.028280
68.385114 -8.161987 151.190397
5.834515 4.282646 17.120865
0.165227 -0.010201 0.444814
17.638065 -8.667963 22.827667
-1.352896 -4.117869 12.155809
8.675216 4.317269 19.912902
0.017613 0.013228 0.242083
0.693627 -3.309896 13.526637
0.212501 0.240064 -0.598397
0.097040 0.018523 -0.177684
-0.030482 -0.006549 0.209639
-0.074100 0.002114 0.175879
9.718732 4.693257 21.913456
0.652703 -0.133595 1.590336
0.488655 -0.062916 1.040325
-0.422298 1.594954 -5.327086
0.066653 0.083280 0.046500
8.339427 4.034131 18.780871
8.280626 4.048320 18.720753
21.517157 3.266827 30.725903
0.616407 -1.754054 7.668464
-0.014275 -0.013580 0.036192
0.067608 -0.162888 -0.096289
-0.009439 0.081735 0.028862
0.009070 0.131832 -0.096437
-0.061536 0.037848 0.150440
0.024830 0.128347 -0.150078
0.173933 -0.185253 0.064639
-0.024373 0.066052 0.089643
0.372196 0.079270 0.759831
10.780190 1.014672 24.790179
7.307065 1.746232 -39.257487
-0.058705 -0.000043 0.262459
21.051315 6.209423 27.619093
0.908585 0.059372 1.250014
0.870824 1.757557 12.963432
3.683893 -2.638903 17.728810
0.023032 0.063837 0.248670
0.260056 0.280012 -0.711160
0.483205 -0.295823 1.257425
0.044149 0.054468 0.122125
0.230384 0.004979 -0.519269
0.708579 0.125002 1.239231
0.188722 -0.910996 3.009051
0.444037 0.004206 0.817240
0.101190 0.104867 -0.204326
-0.148033 -0.251232 -1.122611
-0.078566 -0.029836 0.194510
0.053887 -0.195621 -0.228387
